GE_KTACQ	201	0
num_sampling_patterns	2
num_mask_patterns	0
kx_peak_pos	80
---
# Reconstruction schedule
# t, Echo, Cal Table, Cal Pass, Accel Table, Accel Pass, Mask Table
RECON_SCHEDULE	2	7
---
0	0	-1	0	0	0	-1
0	1	-1	0	1	0	-1
# Sampling Pattern 0 (Accel)
# View Offset, Pass Offset, ky, kz
SAMPLING_PATTERN	3672	4
max_stride	2	1
pattern_dimensions	180	52
---
12671	0	0	35
12309	0	0	34
11947	0	0	33
11585	0	0	32
11223	0	0	31
10861	0	0	30
10499	0	0	29
10137	0	0	28
9775	0	0	27
9413	0	0	26
9051	0	0	25
8689	0	0	24
8327	0	0	23
7965	0	0	22
7603	0	0	21
7241	0	0	20
6879	0	0	19
6517	0	0	18
6155	0	0	17
5793	0	0	16
5431	0	0	15
5069	0	0	14
4707	0	0	13
4345	0	0	12
3983	0	0	11
3621	0	0	10
3259	0	0	9
2897	0	0	8
2535	0	0	7
2173	0	0	6
1811	0	0	5
1449	0	0	4
1087	0	0	3
725	0	0	2
363	0	0	1
1	0	0	0
12673	0	2	35
12311	0	2	34
11949	0	2	33
11587	0	2	32
11225	0	2	31
10863	0	2	30
10501	0	2	29
10139	0	2	28
9777	0	2	27
9415	0	2	26
9053	0	2	25
8691	0	2	24
8329	0	2	23
7967	0	2	22
7605	0	2	21
7243	0	2	20
6881	0	2	19
6519	0	2	18
6157	0	2	17
5795	0	2	16
5433	0	2	15
5071	0	2	14
4709	0	2	13
4347	0	2	12
3985	0	2	11
3623	0	2	10
3261	0	2	9
2899	0	2	8
2537	0	2	7
2175	0	2	6
1813	0	2	5
1451	0	2	4
1089	0	2	3
727	0	2	2
365	0	2	1
3	0	2	0
12675	0	4	35
12313	0	4	34
11951	0	4	33
11589	0	4	32
11227	0	4	31
10865	0	4	30
10503	0	4	29
10141	0	4	28
9779	0	4	27
9417	0	4	26
9055	0	4	25
8693	0	4	24
8331	0	4	23
7969	0	4	22
7607	0	4	21
7245	0	4	20
6883	0	4	19
6521	0	4	18
6159	0	4	17
5797	0	4	16
5435	0	4	15
5073	0	4	14
4711	0	4	13
4349	0	4	12
3987	0	4	11
3625	0	4	10
3263	0	4	9
2901	0	4	8
2539	0	4	7
2177	0	4	6
1815	0	4	5
1453	0	4	4
1091	0	4	3
729	0	4	2
367	0	4	1
5	0	4	0
12677	0	6	35
12315	0	6	34
11953	0	6	33
11591	0	6	32
11229	0	6	31
10867	0	6	30
10505	0	6	29
10143	0	6	28
9781	0	6	27
9419	0	6	26
9057	0	6	25
8695	0	6	24
8333	0	6	23
7971	0	6	22
7609	0	6	21
7247	0	6	20
6885	0	6	19
6523	0	6	18
6161	0	6	17
5799	0	6	16
5437	0	6	15
5075	0	6	14
4713	0	6	13
4351	0	6	12
3989	0	6	11
3627	0	6	10
3265	0	6	9
2903	0	6	8
2541	0	6	7
2179	0	6	6
1817	0	6	5
1455	0	6	4
1093	0	6	3
731	0	6	2
369	0	6	1
7	0	6	0
12679	0	8	35
12317	0	8	34
11955	0	8	33
11593	0	8	32
11231	0	8	31
10869	0	8	30
10507	0	8	29
10145	0	8	28
9783	0	8	27
9421	0	8	26
9059	0	8	25
8697	0	8	24
8335	0	8	23
7973	0	8	22
7611	0	8	21
7249	0	8	20
6887	0	8	19
6525	0	8	18
6163	0	8	17
5801	0	8	16
5439	0	8	15
5077	0	8	14
4715	0	8	13
4353	0	8	12
3991	0	8	11
3629	0	8	10
3267	0	8	9
2905	0	8	8
2543	0	8	7
2181	0	8	6
1819	0	8	5
1457	0	8	4
1095	0	8	3
733	0	8	2
371	0	8	1
9	0	8	0
12681	0	10	35
12319	0	10	34
11957	0	10	33
11595	0	10	32
11233	0	10	31
10871	0	10	30
10509	0	10	29
10147	0	10	28
9785	0	10	27
9423	0	10	26
9061	0	10	25
8699	0	10	24
8337	0	10	23
7975	0	10	22
7613	0	10	21
7251	0	10	20
6889	0	10	19
6527	0	10	18
6165	0	10	17
5803	0	10	16
5441	0	10	15
5079	0	10	14
4717	0	10	13
4355	0	10	12
3993	0	10	11
3631	0	10	10
3269	0	10	9
2907	0	10	8
2545	0	10	7
2183	0	10	6
1821	0	10	5
1459	0	10	4
1097	0	10	3
735	0	10	2
373	0	10	1
11	0	10	0
12683	0	12	35
12321	0	12	34
11959	0	12	33
11597	0	12	32
11235	0	12	31
10873	0	12	30
10511	0	12	29
10149	0	12	28
9787	0	12	27
9425	0	12	26
9063	0	12	25
8701	0	12	24
8339	0	12	23
7977	0	12	22
7615	0	12	21
7253	0	12	20
6891	0	12	19
6529	0	12	18
6167	0	12	17
5805	0	12	16
5443	0	12	15
5081	0	12	14
4719	0	12	13
4357	0	12	12
3995	0	12	11
3633	0	12	10
3271	0	12	9
2909	0	12	8
2547	0	12	7
2185	0	12	6
1823	0	12	5
1461	0	12	4
1099	0	12	3
737	0	12	2
375	0	12	1
13	0	12	0
12685	0	14	35
12323	0	14	34
11961	0	14	33
11599	0	14	32
11237	0	14	31
10875	0	14	30
10513	0	14	29
10151	0	14	28
9789	0	14	27
9427	0	14	26
9065	0	14	25
8703	0	14	24
8341	0	14	23
7979	0	14	22
7617	0	14	21
7255	0	14	20
6893	0	14	19
6531	0	14	18
6169	0	14	17
5807	0	14	16
5445	0	14	15
5083	0	14	14
4721	0	14	13
4359	0	14	12
3997	0	14	11
3635	0	14	10
3273	0	14	9
2911	0	14	8
2549	0	14	7
2187	0	14	6
1825	0	14	5
1463	0	14	4
1101	0	14	3
739	0	14	2
377	0	14	1
15	0	14	0
12687	0	16	35
12325	0	16	34
11963	0	16	33
11601	0	16	32
11239	0	16	31
10877	0	16	30
10515	0	16	29
10153	0	16	28
9791	0	16	27
9429	0	16	26
9067	0	16	25
8705	0	16	24
8343	0	16	23
7981	0	16	22
7619	0	16	21
7257	0	16	20
6895	0	16	19
6533	0	16	18
6171	0	16	17
5809	0	16	16
5447	0	16	15
5085	0	16	14
4723	0	16	13
4361	0	16	12
3999	0	16	11
3637	0	16	10
3275	0	16	9
2913	0	16	8
2551	0	16	7
2189	0	16	6
1827	0	16	5
1465	0	16	4
1103	0	16	3
741	0	16	2
379	0	16	1
17	0	16	0
12689	0	18	35
12327	0	18	34
11965	0	18	33
11603	0	18	32
11241	0	18	31
10879	0	18	30
10517	0	18	29
10155	0	18	28
9793	0	18	27
9431	0	18	26
9069	0	18	25
8707	0	18	24
8345	0	18	23
7983	0	18	22
7621	0	18	21
7259	0	18	20
6897	0	18	19
6535	0	18	18
6173	0	18	17
5811	0	18	16
5449	0	18	15
5087	0	18	14
4725	0	18	13
4363	0	18	12
4001	0	18	11
3639	0	18	10
3277	0	18	9
2915	0	18	8
2553	0	18	7
2191	0	18	6
1829	0	18	5
1467	0	18	4
1105	0	18	3
743	0	18	2
381	0	18	1
19	0	18	0
12691	0	20	35
12329	0	20	34
11967	0	20	33
11605	0	20	32
11243	0	20	31
10881	0	20	30
10519	0	20	29
10157	0	20	28
9795	0	20	27
9433	0	20	26
9071	0	20	25
8709	0	20	24
8347	0	20	23
7985	0	20	22
7623	0	20	21
7261	0	20	20
6899	0	20	19
6537	0	20	18
6175	0	20	17
5813	0	20	16
5451	0	20	15
5089	0	20	14
4727	0	20	13
4365	0	20	12
4003	0	20	11
3641	0	20	10
3279	0	20	9
2917	0	20	8
2555	0	20	7
2193	0	20	6
1831	0	20	5
1469	0	20	4
1107	0	20	3
745	0	20	2
383	0	20	1
21	0	20	0
12693	0	22	35
12331	0	22	34
11969	0	22	33
11607	0	22	32
11245	0	22	31
10883	0	22	30
10521	0	22	29
10159	0	22	28
9797	0	22	27
9435	0	22	26
9073	0	22	25
8711	0	22	24
8349	0	22	23
7987	0	22	22
7625	0	22	21
7263	0	22	20
6901	0	22	19
6539	0	22	18
6177	0	22	17
5815	0	22	16
5453	0	22	15
5091	0	22	14
4729	0	22	13
4367	0	22	12
4005	0	22	11
3643	0	22	10
3281	0	22	9
2919	0	22	8
2557	0	22	7
2195	0	22	6
1833	0	22	5
1471	0	22	4
1109	0	22	3
747	0	22	2
385	0	22	1
23	0	22	0
12695	0	24	35
12333	0	24	34
11971	0	24	33
11609	0	24	32
11247	0	24	31
10885	0	24	30
10523	0	24	29
10161	0	24	28
9799	0	24	27
9437	0	24	26
9075	0	24	25
8713	0	24	24
8351	0	24	23
7989	0	24	22
7627	0	24	21
7265	0	24	20
6903	0	24	19
6541	0	24	18
6179	0	24	17
5817	0	24	16
5455	0	24	15
5093	0	24	14
4731	0	24	13
4369	0	24	12
4007	0	24	11
3645	0	24	10
3283	0	24	9
2921	0	24	8
2559	0	24	7
2197	0	24	6
1835	0	24	5
1473	0	24	4
1111	0	24	3
749	0	24	2
387	0	24	1
25	0	24	0
12697	0	26	35
12335	0	26	34
11973	0	26	33
11611	0	26	32
11249	0	26	31
10887	0	26	30
10525	0	26	29
10163	0	26	28
9801	0	26	27
9439	0	26	26
9077	0	26	25
8715	0	26	24
8353	0	26	23
7991	0	26	22
7629	0	26	21
7267	0	26	20
6905	0	26	19
6543	0	26	18
6181	0	26	17
5819	0	26	16
5457	0	26	15
5095	0	26	14
4733	0	26	13
4371	0	26	12
4009	0	26	11
3647	0	26	10
3285	0	26	9
2923	0	26	8
2561	0	26	7
2199	0	26	6
1837	0	26	5
1475	0	26	4
1113	0	26	3
751	0	26	2
389	0	26	1
27	0	26	0
12699	0	28	35
12337	0	28	34
11975	0	28	33
11613	0	28	32
11251	0	28	31
10889	0	28	30
10527	0	28	29
10165	0	28	28
9803	0	28	27
9441	0	28	26
9079	0	28	25
8717	0	28	24
8355	0	28	23
7993	0	28	22
7631	0	28	21
7269	0	28	20
6907	0	28	19
6545	0	28	18
6183	0	28	17
5821	0	28	16
5459	0	28	15
5097	0	28	14
4735	0	28	13
4373	0	28	12
4011	0	28	11
3649	0	28	10
3287	0	28	9
2925	0	28	8
2563	0	28	7
2201	0	28	6
1839	0	28	5
1477	0	28	4
1115	0	28	3
753	0	28	2
391	0	28	1
29	0	28	0
12701	0	30	35
12339	0	30	34
11977	0	30	33
11615	0	30	32
11253	0	30	31
10891	0	30	30
10529	0	30	29
10167	0	30	28
9805	0	30	27
9443	0	30	26
9081	0	30	25
8719	0	30	24
8357	0	30	23
7995	0	30	22
7633	0	30	21
7271	0	30	20
6909	0	30	19
6547	0	30	18
6185	0	30	17
5823	0	30	16
5461	0	30	15
5099	0	30	14
4737	0	30	13
4375	0	30	12
4013	0	30	11
3651	0	30	10
3289	0	30	9
2927	0	30	8
2565	0	30	7
2203	0	30	6
1841	0	30	5
1479	0	30	4
1117	0	30	3
755	0	30	2
393	0	30	1
31	0	30	0
12703	0	32	35
12341	0	32	34
11979	0	32	33
11617	0	32	32
11255	0	32	31
10893	0	32	30
10531	0	32	29
10169	0	32	28
9807	0	32	27
9445	0	32	26
9083	0	32	25
8721	0	32	24
8359	0	32	23
7997	0	32	22
7635	0	32	21
7273	0	32	20
6911	0	32	19
6549	0	32	18
6187	0	32	17
5825	0	32	16
5463	0	32	15
5101	0	32	14
4739	0	32	13
4377	0	32	12
4015	0	32	11
3653	0	32	10
3291	0	32	9
2929	0	32	8
2567	0	32	7
2205	0	32	6
1843	0	32	5
1481	0	32	4
1119	0	32	3
757	0	32	2
395	0	32	1
33	0	32	0
12705	0	34	35
12343	0	34	34
11981	0	34	33
11619	0	34	32
11257	0	34	31
10895	0	34	30
10533	0	34	29
10171	0	34	28
9809	0	34	27
9447	0	34	26
9085	0	34	25
8723	0	34	24
8361	0	34	23
7999	0	34	22
7637	0	34	21
7275	0	34	20
6913	0	34	19
6551	0	34	18
6189	0	34	17
5827	0	34	16
5465	0	34	15
5103	0	34	14
4741	0	34	13
4379	0	34	12
4017	0	34	11
3655	0	34	10
3293	0	34	9
2931	0	34	8
2569	0	34	7
2207	0	34	6
1845	0	34	5
1483	0	34	4
1121	0	34	3
759	0	34	2
397	0	34	1
35	0	34	0
12707	0	36	35
12345	0	36	34
11983	0	36	33
11621	0	36	32
11259	0	36	31
10897	0	36	30
10535	0	36	29
10173	0	36	28
9811	0	36	27
9449	0	36	26
9087	0	36	25
8725	0	36	24
8363	0	36	23
8001	0	36	22
7639	0	36	21
7277	0	36	20
6915	0	36	19
6553	0	36	18
6191	0	36	17
5829	0	36	16
5467	0	36	15
5105	0	36	14
4743	0	36	13
4381	0	36	12
4019	0	36	11
3657	0	36	10
3295	0	36	9
2933	0	36	8
2571	0	36	7
2209	0	36	6
1847	0	36	5
1485	0	36	4
1123	0	36	3
761	0	36	2
399	0	36	1
37	0	36	0
12709	0	38	35
12347	0	38	34
11985	0	38	33
11623	0	38	32
11261	0	38	31
10899	0	38	30
10537	0	38	29
10175	0	38	28
9813	0	38	27
9451	0	38	26
9089	0	38	25
8727	0	38	24
8365	0	38	23
8003	0	38	22
7641	0	38	21
7279	0	38	20
6917	0	38	19
6555	0	38	18
6193	0	38	17
5831	0	38	16
5469	0	38	15
5107	0	38	14
4745	0	38	13
4383	0	38	12
4021	0	38	11
3659	0	38	10
3297	0	38	9
2935	0	38	8
2573	0	38	7
2211	0	38	6
1849	0	38	5
1487	0	38	4
1125	0	38	3
763	0	38	2
401	0	38	1
39	0	38	0
12711	0	40	35
12349	0	40	34
11987	0	40	33
11625	0	40	32
11263	0	40	31
10901	0	40	30
10539	0	40	29
10177	0	40	28
9815	0	40	27
9453	0	40	26
9091	0	40	25
8729	0	40	24
8367	0	40	23
8005	0	40	22
7643	0	40	21
7281	0	40	20
6919	0	40	19
6557	0	40	18
6195	0	40	17
5833	0	40	16
5471	0	40	15
5109	0	40	14
4747	0	40	13
4385	0	40	12
4023	0	40	11
3661	0	40	10
3299	0	40	9
2937	0	40	8
2575	0	40	7
2213	0	40	6
1851	0	40	5
1489	0	40	4
1127	0	40	3
765	0	40	2
403	0	40	1
41	0	40	0
12713	0	42	35
12351	0	42	34
11989	0	42	33
11627	0	42	32
11265	0	42	31
10903	0	42	30
10541	0	42	29
10179	0	42	28
9817	0	42	27
9455	0	42	26
9093	0	42	25
8731	0	42	24
8369	0	42	23
8007	0	42	22
7645	0	42	21
7283	0	42	20
6921	0	42	19
6559	0	42	18
6197	0	42	17
5835	0	42	16
5473	0	42	15
5111	0	42	14
4749	0	42	13
4387	0	42	12
4025	0	42	11
3663	0	42	10
3301	0	42	9
2939	0	42	8
2577	0	42	7
2215	0	42	6
1853	0	42	5
1491	0	42	4
1129	0	42	3
767	0	42	2
405	0	42	1
43	0	42	0
12715	0	44	35
12353	0	44	34
11991	0	44	33
11629	0	44	32
11267	0	44	31
10905	0	44	30
10543	0	44	29
10181	0	44	28
9819	0	44	27
9457	0	44	26
9095	0	44	25
8733	0	44	24
8371	0	44	23
8009	0	44	22
7647	0	44	21
7285	0	44	20
6923	0	44	19
6561	0	44	18
6199	0	44	17
5837	0	44	16
5475	0	44	15
5113	0	44	14
4751	0	44	13
4389	0	44	12
4027	0	44	11
3665	0	44	10
3303	0	44	9
2941	0	44	8
2579	0	44	7
2217	0	44	6
1855	0	44	5
1493	0	44	4
1131	0	44	3
769	0	44	2
407	0	44	1
45	0	44	0
12717	0	46	35
12355	0	46	34
11993	0	46	33
11631	0	46	32
11269	0	46	31
10907	0	46	30
10545	0	46	29
10183	0	46	28
9821	0	46	27
9459	0	46	26
9097	0	46	25
8735	0	46	24
8373	0	46	23
8011	0	46	22
7649	0	46	21
7287	0	46	20
6925	0	46	19
6563	0	46	18
6201	0	46	17
5839	0	46	16
5477	0	46	15
5115	0	46	14
4753	0	46	13
4391	0	46	12
4029	0	46	11
3667	0	46	10
3305	0	46	9
2943	0	46	8
2581	0	46	7
2219	0	46	6
1857	0	46	5
1495	0	46	4
1133	0	46	3
771	0	46	2
409	0	46	1
47	0	46	0
12719	0	48	35
12357	0	48	34
11995	0	48	33
11633	0	48	32
11271	0	48	31
10909	0	48	30
10547	0	48	29
10185	0	48	28
9823	0	48	27
9461	0	48	26
9099	0	48	25
8737	0	48	24
8375	0	48	23
8013	0	48	22
7651	0	48	21
7289	0	48	20
6927	0	48	19
6565	0	48	18
6203	0	48	17
5841	0	48	16
5479	0	48	15
5117	0	48	14
4755	0	48	13
4393	0	48	12
4031	0	48	11
3669	0	48	10
3307	0	48	9
2945	0	48	8
2583	0	48	7
2221	0	48	6
1859	0	48	5
1497	0	48	4
1135	0	48	3
773	0	48	2
411	0	48	1
49	0	48	0
12721	0	50	35
12359	0	50	34
11997	0	50	33
11635	0	50	32
11273	0	50	31
10911	0	50	30
10549	0	50	29
10187	0	50	28
9825	0	50	27
9463	0	50	26
9101	0	50	25
8739	0	50	24
8377	0	50	23
8015	0	50	22
7653	0	50	21
7291	0	50	20
6929	0	50	19
6567	0	50	18
6205	0	50	17
5843	0	50	16
5481	0	50	15
5119	0	50	14
4757	0	50	13
4395	0	50	12
4033	0	50	11
3671	0	50	10
3309	0	50	9
2947	0	50	8
2585	0	50	7
2223	0	50	6
1861	0	50	5
1499	0	50	4
1137	0	50	3
775	0	50	2
413	0	50	1
51	0	50	0
12723	0	52	35
12361	0	52	34
11999	0	52	33
11637	0	52	32
11275	0	52	31
10913	0	52	30
10551	0	52	29
10189	0	52	28
9827	0	52	27
9465	0	52	26
9103	0	52	25
8741	0	52	24
8379	0	52	23
8017	0	52	22
7655	0	52	21
7293	0	52	20
6931	0	52	19
6569	0	52	18
6207	0	52	17
5845	0	52	16
5483	0	52	15
5121	0	52	14
4759	0	52	13
4397	0	52	12
4035	0	52	11
3673	0	52	10
3311	0	52	9
2949	0	52	8
2587	0	52	7
2225	0	52	6
1863	0	52	5
1501	0	52	4
1139	0	52	3
777	0	52	2
415	0	52	1
53	0	52	0
12725	0	54	35
12363	0	54	34
12001	0	54	33
11639	0	54	32
11277	0	54	31
10915	0	54	30
10553	0	54	29
10191	0	54	28
9829	0	54	27
9467	0	54	26
9105	0	54	25
8743	0	54	24
8381	0	54	23
8019	0	54	22
7657	0	54	21
7295	0	54	20
6933	0	54	19
6571	0	54	18
6209	0	54	17
5847	0	54	16
5485	0	54	15
5123	0	54	14
4761	0	54	13
4399	0	54	12
4037	0	54	11
3675	0	54	10
3313	0	54	9
2951	0	54	8
2589	0	54	7
2227	0	54	6
1865	0	54	5
1503	0	54	4
1141	0	54	3
779	0	54	2
417	0	54	1
55	0	54	0
12727	0	56	35
12365	0	56	34
12003	0	56	33
11641	0	56	32
11279	0	56	31
10917	0	56	30
10555	0	56	29
10193	0	56	28
9831	0	56	27
9469	0	56	26
9107	0	56	25
8745	0	56	24
8383	0	56	23
8021	0	56	22
7659	0	56	21
7297	0	56	20
6935	0	56	19
6573	0	56	18
6211	0	56	17
5849	0	56	16
5487	0	56	15
5125	0	56	14
4763	0	56	13
4401	0	56	12
4039	0	56	11
3677	0	56	10
3315	0	56	9
2953	0	56	8
2591	0	56	7
2229	0	56	6
1867	0	56	5
1505	0	56	4
1143	0	56	3
781	0	56	2
419	0	56	1
57	0	56	0
12729	0	58	35
12367	0	58	34
12005	0	58	33
11643	0	58	32
11281	0	58	31
10919	0	58	30
10557	0	58	29
10195	0	58	28
9833	0	58	27
9471	0	58	26
9109	0	58	25
8747	0	58	24
8385	0	58	23
8023	0	58	22
7661	0	58	21
7299	0	58	20
6937	0	58	19
6575	0	58	18
6213	0	58	17
5851	0	58	16
5489	0	58	15
5127	0	58	14
4765	0	58	13
4403	0	58	12
4041	0	58	11
3679	0	58	10
3317	0	58	9
2955	0	58	8
2593	0	58	7
2231	0	58	6
1869	0	58	5
1507	0	58	4
1145	0	58	3
783	0	58	2
421	0	58	1
59	0	58	0
12731	0	60	35
12369	0	60	34
12007	0	60	33
11645	0	60	32
11283	0	60	31
10921	0	60	30
10559	0	60	29
10197	0	60	28
9835	0	60	27
9473	0	60	26
9111	0	60	25
8749	0	60	24
8387	0	60	23
8025	0	60	22
7663	0	60	21
7301	0	60	20
6939	0	60	19
6577	0	60	18
6215	0	60	17
5853	0	60	16
5491	0	60	15
5129	0	60	14
4767	0	60	13
4405	0	60	12
4043	0	60	11
3681	0	60	10
3319	0	60	9
2957	0	60	8
2595	0	60	7
2233	0	60	6
1871	0	60	5
1509	0	60	4
1147	0	60	3
785	0	60	2
423	0	60	1
61	0	60	0
12733	0	62	35
12371	0	62	34
12009	0	62	33
11647	0	62	32
11285	0	62	31
10923	0	62	30
10561	0	62	29
10199	0	62	28
9837	0	62	27
9475	0	62	26
9113	0	62	25
8751	0	62	24
8389	0	62	23
8027	0	62	22
7665	0	62	21
7303	0	62	20
6941	0	62	19
6579	0	62	18
6217	0	62	17
5855	0	62	16
5493	0	62	15
5131	0	62	14
4769	0	62	13
4407	0	62	12
4045	0	62	11
3683	0	62	10
3321	0	62	9
2959	0	62	8
2597	0	62	7
2235	0	62	6
1873	0	62	5
1511	0	62	4
1149	0	62	3
787	0	62	2
425	0	62	1
63	0	62	0
12735	0	64	35
12373	0	64	34
12011	0	64	33
11649	0	64	32
11287	0	64	31
10925	0	64	30
10563	0	64	29
10201	0	64	28
9839	0	64	27
9477	0	64	26
9115	0	64	25
8753	0	64	24
8391	0	64	23
8029	0	64	22
7667	0	64	21
7305	0	64	20
6943	0	64	19
6581	0	64	18
6219	0	64	17
5857	0	64	16
5495	0	64	15
5133	0	64	14
4771	0	64	13
4409	0	64	12
4047	0	64	11
3685	0	64	10
3323	0	64	9
2961	0	64	8
2599	0	64	7
2237	0	64	6
1875	0	64	5
1513	0	64	4
1151	0	64	3
789	0	64	2
427	0	64	1
65	0	64	0
12737	0	66	35
12375	0	66	34
12013	0	66	33
11651	0	66	32
11289	0	66	31
10927	0	66	30
10565	0	66	29
10203	0	66	28
9841	0	66	27
9479	0	66	26
9117	0	66	25
8755	0	66	24
8393	0	66	23
8031	0	66	22
7669	0	66	21
7307	0	66	20
6945	0	66	19
6583	0	66	18
6221	0	66	17
5859	0	66	16
5497	0	66	15
5135	0	66	14
4773	0	66	13
4411	0	66	12
4049	0	66	11
3687	0	66	10
3325	0	66	9
2963	0	66	8
2601	0	66	7
2239	0	66	6
1877	0	66	5
1515	0	66	4
1153	0	66	3
791	0	66	2
429	0	66	1
67	0	66	0
12739	0	68	35
12377	0	68	34
12015	0	68	33
11653	0	68	32
11291	0	68	31
10929	0	68	30
10567	0	68	29
10205	0	68	28
9843	0	68	27
9481	0	68	26
9119	0	68	25
8757	0	68	24
8395	0	68	23
8033	0	68	22
7671	0	68	21
7309	0	68	20
6947	0	68	19
6585	0	68	18
6223	0	68	17
5861	0	68	16
5499	0	68	15
5137	0	68	14
4775	0	68	13
4413	0	68	12
4051	0	68	11
3689	0	68	10
3327	0	68	9
2965	0	68	8
2603	0	68	7
2241	0	68	6
1879	0	68	5
1517	0	68	4
1155	0	68	3
793	0	68	2
431	0	68	1
69	0	68	0
12741	0	70	35
12379	0	70	34
12017	0	70	33
11655	0	70	32
11293	0	70	31
10931	0	70	30
10569	0	70	29
10207	0	70	28
9845	0	70	27
9483	0	70	26
9121	0	70	25
8759	0	70	24
8397	0	70	23
8035	0	70	22
7673	0	70	21
7311	0	70	20
6949	0	70	19
6587	0	70	18
6225	0	70	17
5863	0	70	16
5501	0	70	15
5139	0	70	14
4777	0	70	13
4415	0	70	12
4053	0	70	11
3691	0	70	10
3329	0	70	9
2967	0	70	8
2605	0	70	7
2243	0	70	6
1881	0	70	5
1519	0	70	4
1157	0	70	3
795	0	70	2
433	0	70	1
71	0	70	0
12743	0	72	35
12381	0	72	34
12019	0	72	33
11657	0	72	32
11295	0	72	31
10933	0	72	30
10571	0	72	29
10209	0	72	28
9847	0	72	27
9485	0	72	26
9123	0	72	25
8761	0	72	24
8399	0	72	23
8037	0	72	22
7675	0	72	21
7313	0	72	20
6951	0	72	19
6589	0	72	18
6227	0	72	17
5865	0	72	16
5503	0	72	15
5141	0	72	14
4779	0	72	13
4417	0	72	12
4055	0	72	11
3693	0	72	10
3331	0	72	9
2969	0	72	8
2607	0	72	7
2245	0	72	6
1883	0	72	5
1521	0	72	4
1159	0	72	3
797	0	72	2
435	0	72	1
73	0	72	0
12745	0	74	35
12383	0	74	34
12021	0	74	33
11659	0	74	32
11297	0	74	31
10935	0	74	30
10573	0	74	29
10211	0	74	28
9849	0	74	27
9487	0	74	26
9125	0	74	25
8763	0	74	24
8401	0	74	23
8039	0	74	22
7677	0	74	21
7315	0	74	20
6953	0	74	19
6591	0	74	18
6229	0	74	17
5867	0	74	16
5505	0	74	15
5143	0	74	14
4781	0	74	13
4419	0	74	12
4057	0	74	11
3695	0	74	10
3333	0	74	9
2971	0	74	8
2609	0	74	7
2247	0	74	6
1885	0	74	5
1523	0	74	4
1161	0	74	3
799	0	74	2
437	0	74	1
75	0	74	0
12747	0	76	35
12385	0	76	34
12023	0	76	33
11661	0	76	32
11299	0	76	31
10937	0	76	30
10575	0	76	29
10213	0	76	28
9851	0	76	27
9489	0	76	26
9127	0	76	25
8765	0	76	24
8403	0	76	23
8041	0	76	22
7679	0	76	21
7317	0	76	20
6955	0	76	19
6593	0	76	18
6231	0	76	17
5869	0	76	16
5507	0	76	15
5145	0	76	14
4783	0	76	13
4421	0	76	12
4059	0	76	11
3697	0	76	10
3335	0	76	9
2973	0	76	8
2611	0	76	7
2249	0	76	6
1887	0	76	5
1525	0	76	4
1163	0	76	3
801	0	76	2
439	0	76	1
77	0	76	0
12749	0	78	35
12387	0	78	34
12025	0	78	33
11663	0	78	32
11301	0	78	31
10939	0	78	30
10577	0	78	29
10215	0	78	28
9853	0	78	27
9491	0	78	26
9129	0	78	25
8767	0	78	24
8405	0	78	23
8043	0	78	22
7681	0	78	21
7319	0	78	20
6957	0	78	19
6595	0	78	18
6233	0	78	17
5871	0	78	16
5509	0	78	15
5147	0	78	14
4785	0	78	13
4423	0	78	12
4061	0	78	11
3699	0	78	10
3337	0	78	9
2975	0	78	8
2613	0	78	7
2251	0	78	6
1889	0	78	5
1527	0	78	4
1165	0	78	3
803	0	78	2
441	0	78	1
79	0	78	0
12750	0	79	35
12388	0	79	34
12026	0	79	33
11664	0	79	32
11302	0	79	31
10940	0	79	30
10578	0	79	29
10216	0	79	28
9854	0	79	27
9492	0	79	26
9130	0	79	25
8768	0	79	24
8406	0	79	23
8044	0	79	22
7682	0	79	21
7320	0	79	20
6958	0	79	19
6596	0	79	18
6234	0	79	17
5872	0	79	16
5510	0	79	15
5148	0	79	14
4786	0	79	13
4424	0	79	12
4062	0	79	11
3700	0	79	10
3338	0	79	9
2976	0	79	8
2614	0	79	7
2252	0	79	6
1890	0	79	5
1528	0	79	4
1166	0	79	3
804	0	79	2
442	0	79	1
80	0	79	0
12751	0	80	35
12389	0	80	34
12027	0	80	33
11665	0	80	32
11303	0	80	31
10941	0	80	30
10579	0	80	29
10217	0	80	28
9855	0	80	27
9493	0	80	26
9131	0	80	25
8769	0	80	24
8407	0	80	23
8045	0	80	22
7683	0	80	21
7321	0	80	20
6959	0	80	19
6597	0	80	18
6235	0	80	17
5873	0	80	16
5511	0	80	15
5149	0	80	14
4787	0	80	13
4425	0	80	12
4063	0	80	11
3701	0	80	10
3339	0	80	9
2977	0	80	8
2615	0	80	7
2253	0	80	6
1891	0	80	5
1529	0	80	4
1167	0	80	3
805	0	80	2
443	0	80	1
81	0	80	0
12752	0	81	35
12390	0	81	34
12028	0	81	33
11666	0	81	32
11304	0	81	31
10942	0	81	30
10580	0	81	29
10218	0	81	28
9856	0	81	27
9494	0	81	26
9132	0	81	25
8770	0	81	24
8408	0	81	23
8046	0	81	22
7684	0	81	21
7322	0	81	20
6960	0	81	19
6598	0	81	18
6236	0	81	17
5874	0	81	16
5512	0	81	15
5150	0	81	14
4788	0	81	13
4426	0	81	12
4064	0	81	11
3702	0	81	10
3340	0	81	9
2978	0	81	8
2616	0	81	7
2254	0	81	6
1892	0	81	5
1530	0	81	4
1168	0	81	3
806	0	81	2
444	0	81	1
82	0	81	0
12753	0	82	35
12391	0	82	34
12029	0	82	33
11667	0	82	32
11305	0	82	31
10943	0	82	30
10581	0	82	29
10219	0	82	28
9857	0	82	27
9495	0	82	26
9133	0	82	25
8771	0	82	24
8409	0	82	23
8047	0	82	22
7685	0	82	21
7323	0	82	20
6961	0	82	19
6599	0	82	18
6237	0	82	17
5875	0	82	16
5513	0	82	15
5151	0	82	14
4789	0	82	13
4427	0	82	12
4065	0	82	11
3703	0	82	10
3341	0	82	9
2979	0	82	8
2617	0	82	7
2255	0	82	6
1893	0	82	5
1531	0	82	4
1169	0	82	3
807	0	82	2
445	0	82	1
83	0	82	0
12754	0	83	35
12392	0	83	34
12030	0	83	33
11668	0	83	32
11306	0	83	31
10944	0	83	30
10582	0	83	29
10220	0	83	28
9858	0	83	27
9496	0	83	26
9134	0	83	25
8772	0	83	24
8410	0	83	23
8048	0	83	22
7686	0	83	21
7324	0	83	20
6962	0	83	19
6600	0	83	18
6238	0	83	17
5876	0	83	16
5514	0	83	15
5152	0	83	14
4790	0	83	13
4428	0	83	12
4066	0	83	11
3704	0	83	10
3342	0	83	9
2980	0	83	8
2618	0	83	7
2256	0	83	6
1894	0	83	5
1532	0	83	4
1170	0	83	3
808	0	83	2
446	0	83	1
84	0	83	0
12755	0	84	35
12393	0	84	34
12031	0	84	33
11669	0	84	32
11307	0	84	31
10945	0	84	30
10583	0	84	29
10221	0	84	28
9859	0	84	27
9497	0	84	26
9135	0	84	25
8773	0	84	24
8411	0	84	23
8049	0	84	22
7687	0	84	21
7325	0	84	20
6963	0	84	19
6601	0	84	18
6239	0	84	17
5877	0	84	16
5515	0	84	15
5153	0	84	14
4791	0	84	13
4429	0	84	12
4067	0	84	11
3705	0	84	10
3343	0	84	9
2981	0	84	8
2619	0	84	7
2257	0	84	6
1895	0	84	5
1533	0	84	4
1171	0	84	3
809	0	84	2
447	0	84	1
85	0	84	0
12756	0	85	35
12394	0	85	34
12032	0	85	33
11670	0	85	32
11308	0	85	31
10946	0	85	30
10584	0	85	29
10222	0	85	28
9860	0	85	27
9498	0	85	26
9136	0	85	25
8774	0	85	24
8412	0	85	23
8050	0	85	22
7688	0	85	21
7326	0	85	20
6964	0	85	19
6602	0	85	18
6240	0	85	17
5878	0	85	16
5516	0	85	15
5154	0	85	14
4792	0	85	13
4430	0	85	12
4068	0	85	11
3706	0	85	10
3344	0	85	9
2982	0	85	8
2620	0	85	7
2258	0	85	6
1896	0	85	5
1534	0	85	4
1172	0	85	3
810	0	85	2
448	0	85	1
86	0	85	0
12757	0	86	35
12395	0	86	34
12033	0	86	33
11671	0	86	32
11309	0	86	31
10947	0	86	30
10585	0	86	29
10223	0	86	28
9861	0	86	27
9499	0	86	26
9137	0	86	25
8775	0	86	24
8413	0	86	23
8051	0	86	22
7689	0	86	21
7327	0	86	20
6965	0	86	19
6603	0	86	18
6241	0	86	17
5879	0	86	16
5517	0	86	15
5155	0	86	14
4793	0	86	13
4431	0	86	12
4069	0	86	11
3707	0	86	10
3345	0	86	9
2983	0	86	8
2621	0	86	7
2259	0	86	6
1897	0	86	5
1535	0	86	4
1173	0	86	3
811	0	86	2
449	0	86	1
87	0	86	0
12758	0	87	35
12396	0	87	34
12034	0	87	33
11672	0	87	32
11310	0	87	31
10948	0	87	30
10586	0	87	29
10224	0	87	28
9862	0	87	27
9500	0	87	26
9138	0	87	25
8776	0	87	24
8414	0	87	23
8052	0	87	22
7690	0	87	21
7328	0	87	20
6966	0	87	19
6604	0	87	18
6242	0	87	17
5880	0	87	16
5518	0	87	15
5156	0	87	14
4794	0	87	13
4432	0	87	12
4070	0	87	11
3708	0	87	10
3346	0	87	9
2984	0	87	8
2622	0	87	7
2260	0	87	6
1898	0	87	5
1536	0	87	4
1174	0	87	3
812	0	87	2
450	0	87	1
88	0	87	0
12759	0	88	35
12397	0	88	34
12035	0	88	33
11673	0	88	32
11311	0	88	31
10949	0	88	30
10587	0	88	29
10225	0	88	28
9863	0	88	27
9501	0	88	26
9139	0	88	25
8777	0	88	24
8415	0	88	23
8053	0	88	22
7691	0	88	21
7329	0	88	20
6967	0	88	19
6605	0	88	18
6243	0	88	17
5881	0	88	16
5519	0	88	15
5157	0	88	14
4795	0	88	13
4433	0	88	12
4071	0	88	11
3709	0	88	10
3347	0	88	9
2985	0	88	8
2623	0	88	7
2261	0	88	6
1899	0	88	5
1537	0	88	4
1175	0	88	3
813	0	88	2
451	0	88	1
89	0	88	0
12760	0	89	35
12398	0	89	34
12036	0	89	33
11674	0	89	32
11312	0	89	31
10950	0	89	30
10588	0	89	29
10226	0	89	28
9864	0	89	27
9502	0	89	26
9140	0	89	25
8778	0	89	24
8416	0	89	23
8054	0	89	22
7692	0	89	21
7330	0	89	20
6968	0	89	19
6606	0	89	18
6244	0	89	17
5882	0	89	16
5520	0	89	15
5158	0	89	14
4796	0	89	13
4434	0	89	12
4072	0	89	11
3710	0	89	10
3348	0	89	9
2986	0	89	8
2624	0	89	7
2262	0	89	6
1900	0	89	5
1538	0	89	4
1176	0	89	3
814	0	89	2
452	0	89	1
90	0	89	0
12761	0	90	35
12399	0	90	34
12037	0	90	33
11675	0	90	32
11313	0	90	31
10951	0	90	30
10589	0	90	29
10227	0	90	28
9865	0	90	27
9503	0	90	26
9141	0	90	25
8779	0	90	24
8417	0	90	23
8055	0	90	22
7693	0	90	21
7331	0	90	20
6969	0	90	19
6607	0	90	18
6245	0	90	17
5883	0	90	16
5521	0	90	15
5159	0	90	14
4797	0	90	13
4435	0	90	12
4073	0	90	11
3711	0	90	10
3349	0	90	9
2987	0	90	8
2625	0	90	7
2263	0	90	6
1901	0	90	5
1539	0	90	4
1177	0	90	3
815	0	90	2
453	0	90	1
91	0	90	0
12762	0	91	35
12400	0	91	34
12038	0	91	33
11676	0	91	32
11314	0	91	31
10952	0	91	30
10590	0	91	29
10228	0	91	28
9866	0	91	27
9504	0	91	26
9142	0	91	25
8780	0	91	24
8418	0	91	23
8056	0	91	22
7694	0	91	21
7332	0	91	20
6970	0	91	19
6608	0	91	18
6246	0	91	17
5884	0	91	16
5522	0	91	15
5160	0	91	14
4798	0	91	13
4436	0	91	12
4074	0	91	11
3712	0	91	10
3350	0	91	9
2988	0	91	8
2626	0	91	7
2264	0	91	6
1902	0	91	5
1540	0	91	4
1178	0	91	3
816	0	91	2
454	0	91	1
92	0	91	0
12763	0	92	35
12401	0	92	34
12039	0	92	33
11677	0	92	32
11315	0	92	31
10953	0	92	30
10591	0	92	29
10229	0	92	28
9867	0	92	27
9505	0	92	26
9143	0	92	25
8781	0	92	24
8419	0	92	23
8057	0	92	22
7695	0	92	21
7333	0	92	20
6971	0	92	19
6609	0	92	18
6247	0	92	17
5885	0	92	16
5523	0	92	15
5161	0	92	14
4799	0	92	13
4437	0	92	12
4075	0	92	11
3713	0	92	10
3351	0	92	9
2989	0	92	8
2627	0	92	7
2265	0	92	6
1903	0	92	5
1541	0	92	4
1179	0	92	3
817	0	92	2
455	0	92	1
93	0	92	0
12764	0	93	35
12402	0	93	34
12040	0	93	33
11678	0	93	32
11316	0	93	31
10954	0	93	30
10592	0	93	29
10230	0	93	28
9868	0	93	27
9506	0	93	26
9144	0	93	25
8782	0	93	24
8420	0	93	23
8058	0	93	22
7696	0	93	21
7334	0	93	20
6972	0	93	19
6610	0	93	18
6248	0	93	17
5886	0	93	16
5524	0	93	15
5162	0	93	14
4800	0	93	13
4438	0	93	12
4076	0	93	11
3714	0	93	10
3352	0	93	9
2990	0	93	8
2628	0	93	7
2266	0	93	6
1904	0	93	5
1542	0	93	4
1180	0	93	3
818	0	93	2
456	0	93	1
94	0	93	0
12765	0	94	35
12403	0	94	34
12041	0	94	33
11679	0	94	32
11317	0	94	31
10955	0	94	30
10593	0	94	29
10231	0	94	28
9869	0	94	27
9507	0	94	26
9145	0	94	25
8783	0	94	24
8421	0	94	23
8059	0	94	22
7697	0	94	21
7335	0	94	20
6973	0	94	19
6611	0	94	18
6249	0	94	17
5887	0	94	16
5525	0	94	15
5163	0	94	14
4801	0	94	13
4439	0	94	12
4077	0	94	11
3715	0	94	10
3353	0	94	9
2991	0	94	8
2629	0	94	7
2267	0	94	6
1905	0	94	5
1543	0	94	4
1181	0	94	3
819	0	94	2
457	0	94	1
95	0	94	0
12766	0	95	35
12404	0	95	34
12042	0	95	33
11680	0	95	32
11318	0	95	31
10956	0	95	30
10594	0	95	29
10232	0	95	28
9870	0	95	27
9508	0	95	26
9146	0	95	25
8784	0	95	24
8422	0	95	23
8060	0	95	22
7698	0	95	21
7336	0	95	20
6974	0	95	19
6612	0	95	18
6250	0	95	17
5888	0	95	16
5526	0	95	15
5164	0	95	14
4802	0	95	13
4440	0	95	12
4078	0	95	11
3716	0	95	10
3354	0	95	9
2992	0	95	8
2630	0	95	7
2268	0	95	6
1906	0	95	5
1544	0	95	4
1182	0	95	3
820	0	95	2
458	0	95	1
96	0	95	0
12767	0	96	35
12405	0	96	34
12043	0	96	33
11681	0	96	32
11319	0	96	31
10957	0	96	30
10595	0	96	29
10233	0	96	28
9871	0	96	27
9509	0	96	26
9147	0	96	25
8785	0	96	24
8423	0	96	23
8061	0	96	22
7699	0	96	21
7337	0	96	20
6975	0	96	19
6613	0	96	18
6251	0	96	17
5889	0	96	16
5527	0	96	15
5165	0	96	14
4803	0	96	13
4441	0	96	12
4079	0	96	11
3717	0	96	10
3355	0	96	9
2993	0	96	8
2631	0	96	7
2269	0	96	6
1907	0	96	5
1545	0	96	4
1183	0	96	3
821	0	96	2
459	0	96	1
97	0	96	0
12768	0	97	35
12406	0	97	34
12044	0	97	33
11682	0	97	32
11320	0	97	31
10958	0	97	30
10596	0	97	29
10234	0	97	28
9872	0	97	27
9510	0	97	26
9148	0	97	25
8786	0	97	24
8424	0	97	23
8062	0	97	22
7700	0	97	21
7338	0	97	20
6976	0	97	19
6614	0	97	18
6252	0	97	17
5890	0	97	16
5528	0	97	15
5166	0	97	14
4804	0	97	13
4442	0	97	12
4080	0	97	11
3718	0	97	10
3356	0	97	9
2994	0	97	8
2632	0	97	7
2270	0	97	6
1908	0	97	5
1546	0	97	4
1184	0	97	3
822	0	97	2
460	0	97	1
98	0	97	0
12769	0	98	35
12407	0	98	34
12045	0	98	33
11683	0	98	32
11321	0	98	31
10959	0	98	30
10597	0	98	29
10235	0	98	28
9873	0	98	27
9511	0	98	26
9149	0	98	25
8787	0	98	24
8425	0	98	23
8063	0	98	22
7701	0	98	21
7339	0	98	20
6977	0	98	19
6615	0	98	18
6253	0	98	17
5891	0	98	16
5529	0	98	15
5167	0	98	14
4805	0	98	13
4443	0	98	12
4081	0	98	11
3719	0	98	10
3357	0	98	9
2995	0	98	8
2633	0	98	7
2271	0	98	6
1909	0	98	5
1547	0	98	4
1185	0	98	3
823	0	98	2
461	0	98	1
99	0	98	0
12770	0	99	35
12408	0	99	34
12046	0	99	33
11684	0	99	32
11322	0	99	31
10960	0	99	30
10598	0	99	29
10236	0	99	28
9874	0	99	27
9512	0	99	26
9150	0	99	25
8788	0	99	24
8426	0	99	23
8064	0	99	22
7702	0	99	21
7340	0	99	20
6978	0	99	19
6616	0	99	18
6254	0	99	17
5892	0	99	16
5530	0	99	15
5168	0	99	14
4806	0	99	13
4444	0	99	12
4082	0	99	11
3720	0	99	10
3358	0	99	9
2996	0	99	8
2634	0	99	7
2272	0	99	6
1910	0	99	5
1548	0	99	4
1186	0	99	3
824	0	99	2
462	0	99	1
100	0	99	0
12771	0	100	35
12409	0	100	34
12047	0	100	33
11685	0	100	32
11323	0	100	31
10961	0	100	30
10599	0	100	29
10237	0	100	28
9875	0	100	27
9513	0	100	26
9151	0	100	25
8789	0	100	24
8427	0	100	23
8065	0	100	22
7703	0	100	21
7341	0	100	20
6979	0	100	19
6617	0	100	18
6255	0	100	17
5893	0	100	16
5531	0	100	15
5169	0	100	14
4807	0	100	13
4445	0	100	12
4083	0	100	11
3721	0	100	10
3359	0	100	9
2997	0	100	8
2635	0	100	7
2273	0	100	6
1911	0	100	5
1549	0	100	4
1187	0	100	3
825	0	100	2
463	0	100	1
101	0	100	0
12772	0	101	35
12410	0	101	34
12048	0	101	33
11686	0	101	32
11324	0	101	31
10962	0	101	30
10600	0	101	29
10238	0	101	28
9876	0	101	27
9514	0	101	26
9152	0	101	25
8790	0	101	24
8428	0	101	23
8066	0	101	22
7704	0	101	21
7342	0	101	20
6980	0	101	19
6618	0	101	18
6256	0	101	17
5894	0	101	16
5532	0	101	15
5170	0	101	14
4808	0	101	13
4446	0	101	12
4084	0	101	11
3722	0	101	10
3360	0	101	9
2998	0	101	8
2636	0	101	7
2274	0	101	6
1912	0	101	5
1550	0	101	4
1188	0	101	3
826	0	101	2
464	0	101	1
102	0	101	0
12773	0	102	35
12411	0	102	34
12049	0	102	33
11687	0	102	32
11325	0	102	31
10963	0	102	30
10601	0	102	29
10239	0	102	28
9877	0	102	27
9515	0	102	26
9153	0	102	25
8791	0	102	24
8429	0	102	23
8067	0	102	22
7705	0	102	21
7343	0	102	20
6981	0	102	19
6619	0	102	18
6257	0	102	17
5895	0	102	16
5533	0	102	15
5171	0	102	14
4809	0	102	13
4447	0	102	12
4085	0	102	11
3723	0	102	10
3361	0	102	9
2999	0	102	8
2637	0	102	7
2275	0	102	6
1913	0	102	5
1551	0	102	4
1189	0	102	3
827	0	102	2
465	0	102	1
103	0	102	0
12775	0	104	35
12413	0	104	34
12051	0	104	33
11689	0	104	32
11327	0	104	31
10965	0	104	30
10603	0	104	29
10241	0	104	28
9879	0	104	27
9517	0	104	26
9155	0	104	25
8793	0	104	24
8431	0	104	23
8069	0	104	22
7707	0	104	21
7345	0	104	20
6983	0	104	19
6621	0	104	18
6259	0	104	17
5897	0	104	16
5535	0	104	15
5173	0	104	14
4811	0	104	13
4449	0	104	12
4087	0	104	11
3725	0	104	10
3363	0	104	9
3001	0	104	8
2639	0	104	7
2277	0	104	6
1915	0	104	5
1553	0	104	4
1191	0	104	3
829	0	104	2
467	0	104	1
105	0	104	0
12777	0	106	35
12415	0	106	34
12053	0	106	33
11691	0	106	32
11329	0	106	31
10967	0	106	30
10605	0	106	29
10243	0	106	28
9881	0	106	27
9519	0	106	26
9157	0	106	25
8795	0	106	24
8433	0	106	23
8071	0	106	22
7709	0	106	21
7347	0	106	20
6985	0	106	19
6623	0	106	18
6261	0	106	17
5899	0	106	16
5537	0	106	15
5175	0	106	14
4813	0	106	13
4451	0	106	12
4089	0	106	11
3727	0	106	10
3365	0	106	9
3003	0	106	8
2641	0	106	7
2279	0	106	6
1917	0	106	5
1555	0	106	4
1193	0	106	3
831	0	106	2
469	0	106	1
107	0	106	0
12779	0	108	35
12417	0	108	34
12055	0	108	33
11693	0	108	32
11331	0	108	31
10969	0	108	30
10607	0	108	29
10245	0	108	28
9883	0	108	27
9521	0	108	26
9159	0	108	25
8797	0	108	24
8435	0	108	23
8073	0	108	22
7711	0	108	21
7349	0	108	20
6987	0	108	19
6625	0	108	18
6263	0	108	17
5901	0	108	16
5539	0	108	15
5177	0	108	14
4815	0	108	13
4453	0	108	12
4091	0	108	11
3729	0	108	10
3367	0	108	9
3005	0	108	8
2643	0	108	7
2281	0	108	6
1919	0	108	5
1557	0	108	4
1195	0	108	3
833	0	108	2
471	0	108	1
109	0	108	0
12781	0	110	35
12419	0	110	34
12057	0	110	33
11695	0	110	32
11333	0	110	31
10971	0	110	30
10609	0	110	29
10247	0	110	28
9885	0	110	27
9523	0	110	26
9161	0	110	25
8799	0	110	24
8437	0	110	23
8075	0	110	22
7713	0	110	21
7351	0	110	20
6989	0	110	19
6627	0	110	18
6265	0	110	17
5903	0	110	16
5541	0	110	15
5179	0	110	14
4817	0	110	13
4455	0	110	12
4093	0	110	11
3731	0	110	10
3369	0	110	9
3007	0	110	8
2645	0	110	7
2283	0	110	6
1921	0	110	5
1559	0	110	4
1197	0	110	3
835	0	110	2
473	0	110	1
111	0	110	0
12783	0	112	35
12421	0	112	34
12059	0	112	33
11697	0	112	32
11335	0	112	31
10973	0	112	30
10611	0	112	29
10249	0	112	28
9887	0	112	27
9525	0	112	26
9163	0	112	25
8801	0	112	24
8439	0	112	23
8077	0	112	22
7715	0	112	21
7353	0	112	20
6991	0	112	19
6629	0	112	18
6267	0	112	17
5905	0	112	16
5543	0	112	15
5181	0	112	14
4819	0	112	13
4457	0	112	12
4095	0	112	11
3733	0	112	10
3371	0	112	9
3009	0	112	8
2647	0	112	7
2285	0	112	6
1923	0	112	5
1561	0	112	4
1199	0	112	3
837	0	112	2
475	0	112	1
113	0	112	0
12785	0	114	35
12423	0	114	34
12061	0	114	33
11699	0	114	32
11337	0	114	31
10975	0	114	30
10613	0	114	29
10251	0	114	28
9889	0	114	27
9527	0	114	26
9165	0	114	25
8803	0	114	24
8441	0	114	23
8079	0	114	22
7717	0	114	21
7355	0	114	20
6993	0	114	19
6631	0	114	18
6269	0	114	17
5907	0	114	16
5545	0	114	15
5183	0	114	14
4821	0	114	13
4459	0	114	12
4097	0	114	11
3735	0	114	10
3373	0	114	9
3011	0	114	8
2649	0	114	7
2287	0	114	6
1925	0	114	5
1563	0	114	4
1201	0	114	3
839	0	114	2
477	0	114	1
115	0	114	0
12787	0	116	35
12425	0	116	34
12063	0	116	33
11701	0	116	32
11339	0	116	31
10977	0	116	30
10615	0	116	29
10253	0	116	28
9891	0	116	27
9529	0	116	26
9167	0	116	25
8805	0	116	24
8443	0	116	23
8081	0	116	22
7719	0	116	21
7357	0	116	20
6995	0	116	19
6633	0	116	18
6271	0	116	17
5909	0	116	16
5547	0	116	15
5185	0	116	14
4823	0	116	13
4461	0	116	12
4099	0	116	11
3737	0	116	10
3375	0	116	9
3013	0	116	8
2651	0	116	7
2289	0	116	6
1927	0	116	5
1565	0	116	4
1203	0	116	3
841	0	116	2
479	0	116	1
117	0	116	0
12789	0	118	35
12427	0	118	34
12065	0	118	33
11703	0	118	32
11341	0	118	31
10979	0	118	30
10617	0	118	29
10255	0	118	28
9893	0	118	27
9531	0	118	26
9169	0	118	25
8807	0	118	24
8445	0	118	23
8083	0	118	22
7721	0	118	21
7359	0	118	20
6997	0	118	19
6635	0	118	18
6273	0	118	17
5911	0	118	16
5549	0	118	15
5187	0	118	14
4825	0	118	13
4463	0	118	12
4101	0	118	11
3739	0	118	10
3377	0	118	9
3015	0	118	8
2653	0	118	7
2291	0	118	6
1929	0	118	5
1567	0	118	4
1205	0	118	3
843	0	118	2
481	0	118	1
119	0	118	0
12791	0	120	35
12429	0	120	34
12067	0	120	33
11705	0	120	32
11343	0	120	31
10981	0	120	30
10619	0	120	29
10257	0	120	28
9895	0	120	27
9533	0	120	26
9171	0	120	25
8809	0	120	24
8447	0	120	23
8085	0	120	22
7723	0	120	21
7361	0	120	20
6999	0	120	19
6637	0	120	18
6275	0	120	17
5913	0	120	16
5551	0	120	15
5189	0	120	14
4827	0	120	13
4465	0	120	12
4103	0	120	11
3741	0	120	10
3379	0	120	9
3017	0	120	8
2655	0	120	7
2293	0	120	6
1931	0	120	5
1569	0	120	4
1207	0	120	3
845	0	120	2
483	0	120	1
121	0	120	0
12793	0	122	35
12431	0	122	34
12069	0	122	33
11707	0	122	32
11345	0	122	31
10983	0	122	30
10621	0	122	29
10259	0	122	28
9897	0	122	27
9535	0	122	26
9173	0	122	25
8811	0	122	24
8449	0	122	23
8087	0	122	22
7725	0	122	21
7363	0	122	20
7001	0	122	19
6639	0	122	18
6277	0	122	17
5915	0	122	16
5553	0	122	15
5191	0	122	14
4829	0	122	13
4467	0	122	12
4105	0	122	11
3743	0	122	10
3381	0	122	9
3019	0	122	8
2657	0	122	7
2295	0	122	6
1933	0	122	5
1571	0	122	4
1209	0	122	3
847	0	122	2
485	0	122	1
123	0	122	0
12795	0	124	35
12433	0	124	34
12071	0	124	33
11709	0	124	32
11347	0	124	31
10985	0	124	30
10623	0	124	29
10261	0	124	28
9899	0	124	27
9537	0	124	26
9175	0	124	25
8813	0	124	24
8451	0	124	23
8089	0	124	22
7727	0	124	21
7365	0	124	20
7003	0	124	19
6641	0	124	18
6279	0	124	17
5917	0	124	16
5555	0	124	15
5193	0	124	14
4831	0	124	13
4469	0	124	12
4107	0	124	11
3745	0	124	10
3383	0	124	9
3021	0	124	8
2659	0	124	7
2297	0	124	6
1935	0	124	5
1573	0	124	4
1211	0	124	3
849	0	124	2
487	0	124	1
125	0	124	0
12797	0	126	35
12435	0	126	34
12073	0	126	33
11711	0	126	32
11349	0	126	31
10987	0	126	30
10625	0	126	29
10263	0	126	28
9901	0	126	27
9539	0	126	26
9177	0	126	25
8815	0	126	24
8453	0	126	23
8091	0	126	22
7729	0	126	21
7367	0	126	20
7005	0	126	19
6643	0	126	18
6281	0	126	17
5919	0	126	16
5557	0	126	15
5195	0	126	14
4833	0	126	13
4471	0	126	12
4109	0	126	11
3747	0	126	10
3385	0	126	9
3023	0	126	8
2661	0	126	7
2299	0	126	6
1937	0	126	5
1575	0	126	4
1213	0	126	3
851	0	126	2
489	0	126	1
127	0	126	0
12799	0	128	35
12437	0	128	34
12075	0	128	33
11713	0	128	32
11351	0	128	31
10989	0	128	30
10627	0	128	29
10265	0	128	28
9903	0	128	27
9541	0	128	26
9179	0	128	25
8817	0	128	24
8455	0	128	23
8093	0	128	22
7731	0	128	21
7369	0	128	20
7007	0	128	19
6645	0	128	18
6283	0	128	17
5921	0	128	16
5559	0	128	15
5197	0	128	14
4835	0	128	13
4473	0	128	12
4111	0	128	11
3749	0	128	10
3387	0	128	9
3025	0	128	8
2663	0	128	7
2301	0	128	6
1939	0	128	5
1577	0	128	4
1215	0	128	3
853	0	128	2
491	0	128	1
129	0	128	0
12801	0	130	35
12439	0	130	34
12077	0	130	33
11715	0	130	32
11353	0	130	31
10991	0	130	30
10629	0	130	29
10267	0	130	28
9905	0	130	27
9543	0	130	26
9181	0	130	25
8819	0	130	24
8457	0	130	23
8095	0	130	22
7733	0	130	21
7371	0	130	20
7009	0	130	19
6647	0	130	18
6285	0	130	17
5923	0	130	16
5561	0	130	15
5199	0	130	14
4837	0	130	13
4475	0	130	12
4113	0	130	11
3751	0	130	10
3389	0	130	9
3027	0	130	8
2665	0	130	7
2303	0	130	6
1941	0	130	5
1579	0	130	4
1217	0	130	3
855	0	130	2
493	0	130	1
131	0	130	0
12803	0	132	35
12441	0	132	34
12079	0	132	33
11717	0	132	32
11355	0	132	31
10993	0	132	30
10631	0	132	29
10269	0	132	28
9907	0	132	27
9545	0	132	26
9183	0	132	25
8821	0	132	24
8459	0	132	23
8097	0	132	22
7735	0	132	21
7373	0	132	20
7011	0	132	19
6649	0	132	18
6287	0	132	17
5925	0	132	16
5563	0	132	15
5201	0	132	14
4839	0	132	13
4477	0	132	12
4115	0	132	11
3753	0	132	10
3391	0	132	9
3029	0	132	8
2667	0	132	7
2305	0	132	6
1943	0	132	5
1581	0	132	4
1219	0	132	3
857	0	132	2
495	0	132	1
133	0	132	0
12805	0	134	35
12443	0	134	34
12081	0	134	33
11719	0	134	32
11357	0	134	31
10995	0	134	30
10633	0	134	29
10271	0	134	28
9909	0	134	27
9547	0	134	26
9185	0	134	25
8823	0	134	24
8461	0	134	23
8099	0	134	22
7737	0	134	21
7375	0	134	20
7013	0	134	19
6651	0	134	18
6289	0	134	17
5927	0	134	16
5565	0	134	15
5203	0	134	14
4841	0	134	13
4479	0	134	12
4117	0	134	11
3755	0	134	10
3393	0	134	9
3031	0	134	8
2669	0	134	7
2307	0	134	6
1945	0	134	5
1583	0	134	4
1221	0	134	3
859	0	134	2
497	0	134	1
135	0	134	0
12807	0	136	35
12445	0	136	34
12083	0	136	33
11721	0	136	32
11359	0	136	31
10997	0	136	30
10635	0	136	29
10273	0	136	28
9911	0	136	27
9549	0	136	26
9187	0	136	25
8825	0	136	24
8463	0	136	23
8101	0	136	22
7739	0	136	21
7377	0	136	20
7015	0	136	19
6653	0	136	18
6291	0	136	17
5929	0	136	16
5567	0	136	15
5205	0	136	14
4843	0	136	13
4481	0	136	12
4119	0	136	11
3757	0	136	10
3395	0	136	9
3033	0	136	8
2671	0	136	7
2309	0	136	6
1947	0	136	5
1585	0	136	4
1223	0	136	3
861	0	136	2
499	0	136	1
137	0	136	0
12809	0	138	35
12447	0	138	34
12085	0	138	33
11723	0	138	32
11361	0	138	31
10999	0	138	30
10637	0	138	29
10275	0	138	28
9913	0	138	27
9551	0	138	26
9189	0	138	25
8827	0	138	24
8465	0	138	23
8103	0	138	22
7741	0	138	21
7379	0	138	20
7017	0	138	19
6655	0	138	18
6293	0	138	17
5931	0	138	16
5569	0	138	15
5207	0	138	14
4845	0	138	13
4483	0	138	12
4121	0	138	11
3759	0	138	10
3397	0	138	9
3035	0	138	8
2673	0	138	7
2311	0	138	6
1949	0	138	5
1587	0	138	4
1225	0	138	3
863	0	138	2
501	0	138	1
139	0	138	0
12811	0	140	35
12449	0	140	34
12087	0	140	33
11725	0	140	32
11363	0	140	31
11001	0	140	30
10639	0	140	29
10277	0	140	28
9915	0	140	27
9553	0	140	26
9191	0	140	25
8829	0	140	24
8467	0	140	23
8105	0	140	22
7743	0	140	21
7381	0	140	20
7019	0	140	19
6657	0	140	18
6295	0	140	17
5933	0	140	16
5571	0	140	15
5209	0	140	14
4847	0	140	13
4485	0	140	12
4123	0	140	11
3761	0	140	10
3399	0	140	9
3037	0	140	8
2675	0	140	7
2313	0	140	6
1951	0	140	5
1589	0	140	4
1227	0	140	3
865	0	140	2
503	0	140	1
141	0	140	0
12813	0	142	35
12451	0	142	34
12089	0	142	33
11727	0	142	32
11365	0	142	31
11003	0	142	30
10641	0	142	29
10279	0	142	28
9917	0	142	27
9555	0	142	26
9193	0	142	25
8831	0	142	24
8469	0	142	23
8107	0	142	22
7745	0	142	21
7383	0	142	20
7021	0	142	19
6659	0	142	18
6297	0	142	17
5935	0	142	16
5573	0	142	15
5211	0	142	14
4849	0	142	13
4487	0	142	12
4125	0	142	11
3763	0	142	10
3401	0	142	9
3039	0	142	8
2677	0	142	7
2315	0	142	6
1953	0	142	5
1591	0	142	4
1229	0	142	3
867	0	142	2
505	0	142	1
143	0	142	0
12815	0	144	35
12453	0	144	34
12091	0	144	33
11729	0	144	32
11367	0	144	31
11005	0	144	30
10643	0	144	29
10281	0	144	28
9919	0	144	27
9557	0	144	26
9195	0	144	25
8833	0	144	24
8471	0	144	23
8109	0	144	22
7747	0	144	21
7385	0	144	20
7023	0	144	19
6661	0	144	18
6299	0	144	17
5937	0	144	16
5575	0	144	15
5213	0	144	14
4851	0	144	13
4489	0	144	12
4127	0	144	11
3765	0	144	10
3403	0	144	9
3041	0	144	8
2679	0	144	7
2317	0	144	6
1955	0	144	5
1593	0	144	4
1231	0	144	3
869	0	144	2
507	0	144	1
145	0	144	0
12817	0	146	35
12455	0	146	34
12093	0	146	33
11731	0	146	32
11369	0	146	31
11007	0	146	30
10645	0	146	29
10283	0	146	28
9921	0	146	27
9559	0	146	26
9197	0	146	25
8835	0	146	24
8473	0	146	23
8111	0	146	22
7749	0	146	21
7387	0	146	20
7025	0	146	19
6663	0	146	18
6301	0	146	17
5939	0	146	16
5577	0	146	15
5215	0	146	14
4853	0	146	13
4491	0	146	12
4129	0	146	11
3767	0	146	10
3405	0	146	9
3043	0	146	8
2681	0	146	7
2319	0	146	6
1957	0	146	5
1595	0	146	4
1233	0	146	3
871	0	146	2
509	0	146	1
147	0	146	0
12819	0	148	35
12457	0	148	34
12095	0	148	33
11733	0	148	32
11371	0	148	31
11009	0	148	30
10647	0	148	29
10285	0	148	28
9923	0	148	27
9561	0	148	26
9199	0	148	25
8837	0	148	24
8475	0	148	23
8113	0	148	22
7751	0	148	21
7389	0	148	20
7027	0	148	19
6665	0	148	18
6303	0	148	17
5941	0	148	16
5579	0	148	15
5217	0	148	14
4855	0	148	13
4493	0	148	12
4131	0	148	11
3769	0	148	10
3407	0	148	9
3045	0	148	8
2683	0	148	7
2321	0	148	6
1959	0	148	5
1597	0	148	4
1235	0	148	3
873	0	148	2
511	0	148	1
149	0	148	0
12821	0	150	35
12459	0	150	34
12097	0	150	33
11735	0	150	32
11373	0	150	31
11011	0	150	30
10649	0	150	29
10287	0	150	28
9925	0	150	27
9563	0	150	26
9201	0	150	25
8839	0	150	24
8477	0	150	23
8115	0	150	22
7753	0	150	21
7391	0	150	20
7029	0	150	19
6667	0	150	18
6305	0	150	17
5943	0	150	16
5581	0	150	15
5219	0	150	14
4857	0	150	13
4495	0	150	12
4133	0	150	11
3771	0	150	10
3409	0	150	9
3047	0	150	8
2685	0	150	7
2323	0	150	6
1961	0	150	5
1599	0	150	4
1237	0	150	3
875	0	150	2
513	0	150	1
151	0	150	0
12823	0	152	35
12461	0	152	34
12099	0	152	33
11737	0	152	32
11375	0	152	31
11013	0	152	30
10651	0	152	29
10289	0	152	28
9927	0	152	27
9565	0	152	26
9203	0	152	25
8841	0	152	24
8479	0	152	23
8117	0	152	22
7755	0	152	21
7393	0	152	20
7031	0	152	19
6669	0	152	18
6307	0	152	17
5945	0	152	16
5583	0	152	15
5221	0	152	14
4859	0	152	13
4497	0	152	12
4135	0	152	11
3773	0	152	10
3411	0	152	9
3049	0	152	8
2687	0	152	7
2325	0	152	6
1963	0	152	5
1601	0	152	4
1239	0	152	3
877	0	152	2
515	0	152	1
153	0	152	0
12825	0	154	35
12463	0	154	34
12101	0	154	33
11739	0	154	32
11377	0	154	31
11015	0	154	30
10653	0	154	29
10291	0	154	28
9929	0	154	27
9567	0	154	26
9205	0	154	25
8843	0	154	24
8481	0	154	23
8119	0	154	22
7757	0	154	21
7395	0	154	20
7033	0	154	19
6671	0	154	18
6309	0	154	17
5947	0	154	16
5585	0	154	15
5223	0	154	14
4861	0	154	13
4499	0	154	12
4137	0	154	11
3775	0	154	10
3413	0	154	9
3051	0	154	8
2689	0	154	7
2327	0	154	6
1965	0	154	5
1603	0	154	4
1241	0	154	3
879	0	154	2
517	0	154	1
155	0	154	0
12827	0	156	35
12465	0	156	34
12103	0	156	33
11741	0	156	32
11379	0	156	31
11017	0	156	30
10655	0	156	29
10293	0	156	28
9931	0	156	27
9569	0	156	26
9207	0	156	25
8845	0	156	24
8483	0	156	23
8121	0	156	22
7759	0	156	21
7397	0	156	20
7035	0	156	19
6673	0	156	18
6311	0	156	17
5949	0	156	16
5587	0	156	15
5225	0	156	14
4863	0	156	13
4501	0	156	12
4139	0	156	11
3777	0	156	10
3415	0	156	9
3053	0	156	8
2691	0	156	7
2329	0	156	6
1967	0	156	5
1605	0	156	4
1243	0	156	3
881	0	156	2
519	0	156	1
157	0	156	0
12829	0	158	35
12467	0	158	34
12105	0	158	33
11743	0	158	32
11381	0	158	31
11019	0	158	30
10657	0	158	29
10295	0	158	28
9933	0	158	27
9571	0	158	26
9209	0	158	25
8847	0	158	24
8485	0	158	23
8123	0	158	22
7761	0	158	21
7399	0	158	20
7037	0	158	19
6675	0	158	18
6313	0	158	17
5951	0	158	16
5589	0	158	15
5227	0	158	14
4865	0	158	13
4503	0	158	12
4141	0	158	11
3779	0	158	10
3417	0	158	9
3055	0	158	8
2693	0	158	7
2331	0	158	6
1969	0	158	5
1607	0	158	4
1245	0	158	3
883	0	158	2
521	0	158	1
159	0	158	0
12831	0	160	35
12469	0	160	34
12107	0	160	33
11745	0	160	32
11383	0	160	31
11021	0	160	30
10659	0	160	29
10297	0	160	28
9935	0	160	27
9573	0	160	26
9211	0	160	25
8849	0	160	24
8487	0	160	23
8125	0	160	22
7763	0	160	21
7401	0	160	20
7039	0	160	19
6677	0	160	18
6315	0	160	17
5953	0	160	16
5591	0	160	15
5229	0	160	14
4867	0	160	13
4505	0	160	12
4143	0	160	11
3781	0	160	10
3419	0	160	9
3057	0	160	8
2695	0	160	7
2333	0	160	6
1971	0	160	5
1609	0	160	4
1247	0	160	3
885	0	160	2
523	0	160	1
161	0	160	0
12833	0	162	35
12471	0	162	34
12109	0	162	33
11747	0	162	32
11385	0	162	31
11023	0	162	30
10661	0	162	29
10299	0	162	28
9937	0	162	27
9575	0	162	26
9213	0	162	25
8851	0	162	24
8489	0	162	23
8127	0	162	22
7765	0	162	21
7403	0	162	20
7041	0	162	19
6679	0	162	18
6317	0	162	17
5955	0	162	16
5593	0	162	15
5231	0	162	14
4869	0	162	13
4507	0	162	12
4145	0	162	11
3783	0	162	10
3421	0	162	9
3059	0	162	8
2697	0	162	7
2335	0	162	6
1973	0	162	5
1611	0	162	4
1249	0	162	3
887	0	162	2
525	0	162	1
163	0	162	0
12835	0	164	35
12473	0	164	34
12111	0	164	33
11749	0	164	32
11387	0	164	31
11025	0	164	30
10663	0	164	29
10301	0	164	28
9939	0	164	27
9577	0	164	26
9215	0	164	25
8853	0	164	24
8491	0	164	23
8129	0	164	22
7767	0	164	21
7405	0	164	20
7043	0	164	19
6681	0	164	18
6319	0	164	17
5957	0	164	16
5595	0	164	15
5233	0	164	14
4871	0	164	13
4509	0	164	12
4147	0	164	11
3785	0	164	10
3423	0	164	9
3061	0	164	8
2699	0	164	7
2337	0	164	6
1975	0	164	5
1613	0	164	4
1251	0	164	3
889	0	164	2
527	0	164	1
165	0	164	0
12837	0	166	35
12475	0	166	34
12113	0	166	33
11751	0	166	32
11389	0	166	31
11027	0	166	30
10665	0	166	29
10303	0	166	28
9941	0	166	27
9579	0	166	26
9217	0	166	25
8855	0	166	24
8493	0	166	23
8131	0	166	22
7769	0	166	21
7407	0	166	20
7045	0	166	19
6683	0	166	18
6321	0	166	17
5959	0	166	16
5597	0	166	15
5235	0	166	14
4873	0	166	13
4511	0	166	12
4149	0	166	11
3787	0	166	10
3425	0	166	9
3063	0	166	8
2701	0	166	7
2339	0	166	6
1977	0	166	5
1615	0	166	4
1253	0	166	3
891	0	166	2
529	0	166	1
167	0	166	0
12839	0	168	35
12477	0	168	34
12115	0	168	33
11753	0	168	32
11391	0	168	31
11029	0	168	30
10667	0	168	29
10305	0	168	28
9943	0	168	27
9581	0	168	26
9219	0	168	25
8857	0	168	24
8495	0	168	23
8133	0	168	22
7771	0	168	21
7409	0	168	20
7047	0	168	19
6685	0	168	18
6323	0	168	17
5961	0	168	16
5599	0	168	15
5237	0	168	14
4875	0	168	13
4513	0	168	12
4151	0	168	11
3789	0	168	10
3427	0	168	9
3065	0	168	8
2703	0	168	7
2341	0	168	6
1979	0	168	5
1617	0	168	4
1255	0	168	3
893	0	168	2
531	0	168	1
169	0	168	0
12841	0	170	35
12479	0	170	34
12117	0	170	33
11755	0	170	32
11393	0	170	31
11031	0	170	30
10669	0	170	29
10307	0	170	28
9945	0	170	27
9583	0	170	26
9221	0	170	25
8859	0	170	24
8497	0	170	23
8135	0	170	22
7773	0	170	21
7411	0	170	20
7049	0	170	19
6687	0	170	18
6325	0	170	17
5963	0	170	16
5601	0	170	15
5239	0	170	14
4877	0	170	13
4515	0	170	12
4153	0	170	11
3791	0	170	10
3429	0	170	9
3067	0	170	8
2705	0	170	7
2343	0	170	6
1981	0	170	5
1619	0	170	4
1257	0	170	3
895	0	170	2
533	0	170	1
171	0	170	0
12843	0	172	35
12481	0	172	34
12119	0	172	33
11757	0	172	32
11395	0	172	31
11033	0	172	30
10671	0	172	29
10309	0	172	28
9947	0	172	27
9585	0	172	26
9223	0	172	25
8861	0	172	24
8499	0	172	23
8137	0	172	22
7775	0	172	21
7413	0	172	20
7051	0	172	19
6689	0	172	18
6327	0	172	17
5965	0	172	16
5603	0	172	15
5241	0	172	14
4879	0	172	13
4517	0	172	12
4155	0	172	11
3793	0	172	10
3431	0	172	9
3069	0	172	8
2707	0	172	7
2345	0	172	6
1983	0	172	5
1621	0	172	4
1259	0	172	3
897	0	172	2
535	0	172	1
173	0	172	0
12845	0	174	35
12483	0	174	34
12121	0	174	33
11759	0	174	32
11397	0	174	31
11035	0	174	30
10673	0	174	29
10311	0	174	28
9949	0	174	27
9587	0	174	26
9225	0	174	25
8863	0	174	24
8501	0	174	23
8139	0	174	22
7777	0	174	21
7415	0	174	20
7053	0	174	19
6691	0	174	18
6329	0	174	17
5967	0	174	16
5605	0	174	15
5243	0	174	14
4881	0	174	13
4519	0	174	12
4157	0	174	11
3795	0	174	10
3433	0	174	9
3071	0	174	8
2709	0	174	7
2347	0	174	6
1985	0	174	5
1623	0	174	4
1261	0	174	3
899	0	174	2
537	0	174	1
175	0	174	0
12847	0	176	35
12485	0	176	34
12123	0	176	33
11761	0	176	32
11399	0	176	31
11037	0	176	30
10675	0	176	29
10313	0	176	28
9951	0	176	27
9589	0	176	26
9227	0	176	25
8865	0	176	24
8503	0	176	23
8141	0	176	22
7779	0	176	21
7417	0	176	20
7055	0	176	19
6693	0	176	18
6331	0	176	17
5969	0	176	16
5607	0	176	15
5245	0	176	14
4883	0	176	13
4521	0	176	12
4159	0	176	11
3797	0	176	10
3435	0	176	9
3073	0	176	8
2711	0	176	7
2349	0	176	6
1987	0	176	5
1625	0	176	4
1263	0	176	3
901	0	176	2
539	0	176	1
177	0	176	0
12849	0	178	35
12487	0	178	34
12125	0	178	33
11763	0	178	32
11401	0	178	31
11039	0	178	30
10677	0	178	29
10315	0	178	28
9953	0	178	27
9591	0	178	26
9229	0	178	25
8867	0	178	24
8505	0	178	23
8143	0	178	22
7781	0	178	21
7419	0	178	20
7057	0	178	19
6695	0	178	18
6333	0	178	17
5971	0	178	16
5609	0	178	15
5247	0	178	14
4885	0	178	13
4523	0	178	12
4161	0	178	11
3799	0	178	10
3437	0	178	9
3075	0	178	8
2713	0	178	7
2351	0	178	6
1989	0	178	5
1627	0	178	4
1265	0	178	3
903	0	178	2
541	0	178	1
179	0	178	0
# Sampling Pattern 1 (Accel)
# View Offset, Pass Offset, ky, kz
SAMPLING_PATTERN	3672	4
max_stride	2	1
pattern_dimensions	180	52
---
12852	0	0	35
12490	0	0	34
12128	0	0	33
11766	0	0	32
11404	0	0	31
11042	0	0	30
10680	0	0	29
10318	0	0	28
9956	0	0	27
9594	0	0	26
9232	0	0	25
8870	0	0	24
8508	0	0	23
8146	0	0	22
7784	0	0	21
7422	0	0	20
7060	0	0	19
6698	0	0	18
6336	0	0	17
5974	0	0	16
5612	0	0	15
5250	0	0	14
4888	0	0	13
4526	0	0	12
4164	0	0	11
3802	0	0	10
3440	0	0	9
3078	0	0	8
2716	0	0	7
2354	0	0	6
1992	0	0	5
1630	0	0	4
1268	0	0	3
906	0	0	2
544	0	0	1
182	0	0	0
12854	0	2	35
12492	0	2	34
12130	0	2	33
11768	0	2	32
11406	0	2	31
11044	0	2	30
10682	0	2	29
10320	0	2	28
9958	0	2	27
9596	0	2	26
9234	0	2	25
8872	0	2	24
8510	0	2	23
8148	0	2	22
7786	0	2	21
7424	0	2	20
7062	0	2	19
6700	0	2	18
6338	0	2	17
5976	0	2	16
5614	0	2	15
5252	0	2	14
4890	0	2	13
4528	0	2	12
4166	0	2	11
3804	0	2	10
3442	0	2	9
3080	0	2	8
2718	0	2	7
2356	0	2	6
1994	0	2	5
1632	0	2	4
1270	0	2	3
908	0	2	2
546	0	2	1
184	0	2	0
12856	0	4	35
12494	0	4	34
12132	0	4	33
11770	0	4	32
11408	0	4	31
11046	0	4	30
10684	0	4	29
10322	0	4	28
9960	0	4	27
9598	0	4	26
9236	0	4	25
8874	0	4	24
8512	0	4	23
8150	0	4	22
7788	0	4	21
7426	0	4	20
7064	0	4	19
6702	0	4	18
6340	0	4	17
5978	0	4	16
5616	0	4	15
5254	0	4	14
4892	0	4	13
4530	0	4	12
4168	0	4	11
3806	0	4	10
3444	0	4	9
3082	0	4	8
2720	0	4	7
2358	0	4	6
1996	0	4	5
1634	0	4	4
1272	0	4	3
910	0	4	2
548	0	4	1
186	0	4	0
12858	0	6	35
12496	0	6	34
12134	0	6	33
11772	0	6	32
11410	0	6	31
11048	0	6	30
10686	0	6	29
10324	0	6	28
9962	0	6	27
9600	0	6	26
9238	0	6	25
8876	0	6	24
8514	0	6	23
8152	0	6	22
7790	0	6	21
7428	0	6	20
7066	0	6	19
6704	0	6	18
6342	0	6	17
5980	0	6	16
5618	0	6	15
5256	0	6	14
4894	0	6	13
4532	0	6	12
4170	0	6	11
3808	0	6	10
3446	0	6	9
3084	0	6	8
2722	0	6	7
2360	0	6	6
1998	0	6	5
1636	0	6	4
1274	0	6	3
912	0	6	2
550	0	6	1
188	0	6	0
12860	0	8	35
12498	0	8	34
12136	0	8	33
11774	0	8	32
11412	0	8	31
11050	0	8	30
10688	0	8	29
10326	0	8	28
9964	0	8	27
9602	0	8	26
9240	0	8	25
8878	0	8	24
8516	0	8	23
8154	0	8	22
7792	0	8	21
7430	0	8	20
7068	0	8	19
6706	0	8	18
6344	0	8	17
5982	0	8	16
5620	0	8	15
5258	0	8	14
4896	0	8	13
4534	0	8	12
4172	0	8	11
3810	0	8	10
3448	0	8	9
3086	0	8	8
2724	0	8	7
2362	0	8	6
2000	0	8	5
1638	0	8	4
1276	0	8	3
914	0	8	2
552	0	8	1
190	0	8	0
12862	0	10	35
12500	0	10	34
12138	0	10	33
11776	0	10	32
11414	0	10	31
11052	0	10	30
10690	0	10	29
10328	0	10	28
9966	0	10	27
9604	0	10	26
9242	0	10	25
8880	0	10	24
8518	0	10	23
8156	0	10	22
7794	0	10	21
7432	0	10	20
7070	0	10	19
6708	0	10	18
6346	0	10	17
5984	0	10	16
5622	0	10	15
5260	0	10	14
4898	0	10	13
4536	0	10	12
4174	0	10	11
3812	0	10	10
3450	0	10	9
3088	0	10	8
2726	0	10	7
2364	0	10	6
2002	0	10	5
1640	0	10	4
1278	0	10	3
916	0	10	2
554	0	10	1
192	0	10	0
12864	0	12	35
12502	0	12	34
12140	0	12	33
11778	0	12	32
11416	0	12	31
11054	0	12	30
10692	0	12	29
10330	0	12	28
9968	0	12	27
9606	0	12	26
9244	0	12	25
8882	0	12	24
8520	0	12	23
8158	0	12	22
7796	0	12	21
7434	0	12	20
7072	0	12	19
6710	0	12	18
6348	0	12	17
5986	0	12	16
5624	0	12	15
5262	0	12	14
4900	0	12	13
4538	0	12	12
4176	0	12	11
3814	0	12	10
3452	0	12	9
3090	0	12	8
2728	0	12	7
2366	0	12	6
2004	0	12	5
1642	0	12	4
1280	0	12	3
918	0	12	2
556	0	12	1
194	0	12	0
12866	0	14	35
12504	0	14	34
12142	0	14	33
11780	0	14	32
11418	0	14	31
11056	0	14	30
10694	0	14	29
10332	0	14	28
9970	0	14	27
9608	0	14	26
9246	0	14	25
8884	0	14	24
8522	0	14	23
8160	0	14	22
7798	0	14	21
7436	0	14	20
7074	0	14	19
6712	0	14	18
6350	0	14	17
5988	0	14	16
5626	0	14	15
5264	0	14	14
4902	0	14	13
4540	0	14	12
4178	0	14	11
3816	0	14	10
3454	0	14	9
3092	0	14	8
2730	0	14	7
2368	0	14	6
2006	0	14	5
1644	0	14	4
1282	0	14	3
920	0	14	2
558	0	14	1
196	0	14	0
12868	0	16	35
12506	0	16	34
12144	0	16	33
11782	0	16	32
11420	0	16	31
11058	0	16	30
10696	0	16	29
10334	0	16	28
9972	0	16	27
9610	0	16	26
9248	0	16	25
8886	0	16	24
8524	0	16	23
8162	0	16	22
7800	0	16	21
7438	0	16	20
7076	0	16	19
6714	0	16	18
6352	0	16	17
5990	0	16	16
5628	0	16	15
5266	0	16	14
4904	0	16	13
4542	0	16	12
4180	0	16	11
3818	0	16	10
3456	0	16	9
3094	0	16	8
2732	0	16	7
2370	0	16	6
2008	0	16	5
1646	0	16	4
1284	0	16	3
922	0	16	2
560	0	16	1
198	0	16	0
12870	0	18	35
12508	0	18	34
12146	0	18	33
11784	0	18	32
11422	0	18	31
11060	0	18	30
10698	0	18	29
10336	0	18	28
9974	0	18	27
9612	0	18	26
9250	0	18	25
8888	0	18	24
8526	0	18	23
8164	0	18	22
7802	0	18	21
7440	0	18	20
7078	0	18	19
6716	0	18	18
6354	0	18	17
5992	0	18	16
5630	0	18	15
5268	0	18	14
4906	0	18	13
4544	0	18	12
4182	0	18	11
3820	0	18	10
3458	0	18	9
3096	0	18	8
2734	0	18	7
2372	0	18	6
2010	0	18	5
1648	0	18	4
1286	0	18	3
924	0	18	2
562	0	18	1
200	0	18	0
12872	0	20	35
12510	0	20	34
12148	0	20	33
11786	0	20	32
11424	0	20	31
11062	0	20	30
10700	0	20	29
10338	0	20	28
9976	0	20	27
9614	0	20	26
9252	0	20	25
8890	0	20	24
8528	0	20	23
8166	0	20	22
7804	0	20	21
7442	0	20	20
7080	0	20	19
6718	0	20	18
6356	0	20	17
5994	0	20	16
5632	0	20	15
5270	0	20	14
4908	0	20	13
4546	0	20	12
4184	0	20	11
3822	0	20	10
3460	0	20	9
3098	0	20	8
2736	0	20	7
2374	0	20	6
2012	0	20	5
1650	0	20	4
1288	0	20	3
926	0	20	2
564	0	20	1
202	0	20	0
12874	0	22	35
12512	0	22	34
12150	0	22	33
11788	0	22	32
11426	0	22	31
11064	0	22	30
10702	0	22	29
10340	0	22	28
9978	0	22	27
9616	0	22	26
9254	0	22	25
8892	0	22	24
8530	0	22	23
8168	0	22	22
7806	0	22	21
7444	0	22	20
7082	0	22	19
6720	0	22	18
6358	0	22	17
5996	0	22	16
5634	0	22	15
5272	0	22	14
4910	0	22	13
4548	0	22	12
4186	0	22	11
3824	0	22	10
3462	0	22	9
3100	0	22	8
2738	0	22	7
2376	0	22	6
2014	0	22	5
1652	0	22	4
1290	0	22	3
928	0	22	2
566	0	22	1
204	0	22	0
12876	0	24	35
12514	0	24	34
12152	0	24	33
11790	0	24	32
11428	0	24	31
11066	0	24	30
10704	0	24	29
10342	0	24	28
9980	0	24	27
9618	0	24	26
9256	0	24	25
8894	0	24	24
8532	0	24	23
8170	0	24	22
7808	0	24	21
7446	0	24	20
7084	0	24	19
6722	0	24	18
6360	0	24	17
5998	0	24	16
5636	0	24	15
5274	0	24	14
4912	0	24	13
4550	0	24	12
4188	0	24	11
3826	0	24	10
3464	0	24	9
3102	0	24	8
2740	0	24	7
2378	0	24	6
2016	0	24	5
1654	0	24	4
1292	0	24	3
930	0	24	2
568	0	24	1
206	0	24	0
12878	0	26	35
12516	0	26	34
12154	0	26	33
11792	0	26	32
11430	0	26	31
11068	0	26	30
10706	0	26	29
10344	0	26	28
9982	0	26	27
9620	0	26	26
9258	0	26	25
8896	0	26	24
8534	0	26	23
8172	0	26	22
7810	0	26	21
7448	0	26	20
7086	0	26	19
6724	0	26	18
6362	0	26	17
6000	0	26	16
5638	0	26	15
5276	0	26	14
4914	0	26	13
4552	0	26	12
4190	0	26	11
3828	0	26	10
3466	0	26	9
3104	0	26	8
2742	0	26	7
2380	0	26	6
2018	0	26	5
1656	0	26	4
1294	0	26	3
932	0	26	2
570	0	26	1
208	0	26	0
12880	0	28	35
12518	0	28	34
12156	0	28	33
11794	0	28	32
11432	0	28	31
11070	0	28	30
10708	0	28	29
10346	0	28	28
9984	0	28	27
9622	0	28	26
9260	0	28	25
8898	0	28	24
8536	0	28	23
8174	0	28	22
7812	0	28	21
7450	0	28	20
7088	0	28	19
6726	0	28	18
6364	0	28	17
6002	0	28	16
5640	0	28	15
5278	0	28	14
4916	0	28	13
4554	0	28	12
4192	0	28	11
3830	0	28	10
3468	0	28	9
3106	0	28	8
2744	0	28	7
2382	0	28	6
2020	0	28	5
1658	0	28	4
1296	0	28	3
934	0	28	2
572	0	28	1
210	0	28	0
12882	0	30	35
12520	0	30	34
12158	0	30	33
11796	0	30	32
11434	0	30	31
11072	0	30	30
10710	0	30	29
10348	0	30	28
9986	0	30	27
9624	0	30	26
9262	0	30	25
8900	0	30	24
8538	0	30	23
8176	0	30	22
7814	0	30	21
7452	0	30	20
7090	0	30	19
6728	0	30	18
6366	0	30	17
6004	0	30	16
5642	0	30	15
5280	0	30	14
4918	0	30	13
4556	0	30	12
4194	0	30	11
3832	0	30	10
3470	0	30	9
3108	0	30	8
2746	0	30	7
2384	0	30	6
2022	0	30	5
1660	0	30	4
1298	0	30	3
936	0	30	2
574	0	30	1
212	0	30	0
12884	0	32	35
12522	0	32	34
12160	0	32	33
11798	0	32	32
11436	0	32	31
11074	0	32	30
10712	0	32	29
10350	0	32	28
9988	0	32	27
9626	0	32	26
9264	0	32	25
8902	0	32	24
8540	0	32	23
8178	0	32	22
7816	0	32	21
7454	0	32	20
7092	0	32	19
6730	0	32	18
6368	0	32	17
6006	0	32	16
5644	0	32	15
5282	0	32	14
4920	0	32	13
4558	0	32	12
4196	0	32	11
3834	0	32	10
3472	0	32	9
3110	0	32	8
2748	0	32	7
2386	0	32	6
2024	0	32	5
1662	0	32	4
1300	0	32	3
938	0	32	2
576	0	32	1
214	0	32	0
12886	0	34	35
12524	0	34	34
12162	0	34	33
11800	0	34	32
11438	0	34	31
11076	0	34	30
10714	0	34	29
10352	0	34	28
9990	0	34	27
9628	0	34	26
9266	0	34	25
8904	0	34	24
8542	0	34	23
8180	0	34	22
7818	0	34	21
7456	0	34	20
7094	0	34	19
6732	0	34	18
6370	0	34	17
6008	0	34	16
5646	0	34	15
5284	0	34	14
4922	0	34	13
4560	0	34	12
4198	0	34	11
3836	0	34	10
3474	0	34	9
3112	0	34	8
2750	0	34	7
2388	0	34	6
2026	0	34	5
1664	0	34	4
1302	0	34	3
940	0	34	2
578	0	34	1
216	0	34	0
12888	0	36	35
12526	0	36	34
12164	0	36	33
11802	0	36	32
11440	0	36	31
11078	0	36	30
10716	0	36	29
10354	0	36	28
9992	0	36	27
9630	0	36	26
9268	0	36	25
8906	0	36	24
8544	0	36	23
8182	0	36	22
7820	0	36	21
7458	0	36	20
7096	0	36	19
6734	0	36	18
6372	0	36	17
6010	0	36	16
5648	0	36	15
5286	0	36	14
4924	0	36	13
4562	0	36	12
4200	0	36	11
3838	0	36	10
3476	0	36	9
3114	0	36	8
2752	0	36	7
2390	0	36	6
2028	0	36	5
1666	0	36	4
1304	0	36	3
942	0	36	2
580	0	36	1
218	0	36	0
12890	0	38	35
12528	0	38	34
12166	0	38	33
11804	0	38	32
11442	0	38	31
11080	0	38	30
10718	0	38	29
10356	0	38	28
9994	0	38	27
9632	0	38	26
9270	0	38	25
8908	0	38	24
8546	0	38	23
8184	0	38	22
7822	0	38	21
7460	0	38	20
7098	0	38	19
6736	0	38	18
6374	0	38	17
6012	0	38	16
5650	0	38	15
5288	0	38	14
4926	0	38	13
4564	0	38	12
4202	0	38	11
3840	0	38	10
3478	0	38	9
3116	0	38	8
2754	0	38	7
2392	0	38	6
2030	0	38	5
1668	0	38	4
1306	0	38	3
944	0	38	2
582	0	38	1
220	0	38	0
12892	0	40	35
12530	0	40	34
12168	0	40	33
11806	0	40	32
11444	0	40	31
11082	0	40	30
10720	0	40	29
10358	0	40	28
9996	0	40	27
9634	0	40	26
9272	0	40	25
8910	0	40	24
8548	0	40	23
8186	0	40	22
7824	0	40	21
7462	0	40	20
7100	0	40	19
6738	0	40	18
6376	0	40	17
6014	0	40	16
5652	0	40	15
5290	0	40	14
4928	0	40	13
4566	0	40	12
4204	0	40	11
3842	0	40	10
3480	0	40	9
3118	0	40	8
2756	0	40	7
2394	0	40	6
2032	0	40	5
1670	0	40	4
1308	0	40	3
946	0	40	2
584	0	40	1
222	0	40	0
12894	0	42	35
12532	0	42	34
12170	0	42	33
11808	0	42	32
11446	0	42	31
11084	0	42	30
10722	0	42	29
10360	0	42	28
9998	0	42	27
9636	0	42	26
9274	0	42	25
8912	0	42	24
8550	0	42	23
8188	0	42	22
7826	0	42	21
7464	0	42	20
7102	0	42	19
6740	0	42	18
6378	0	42	17
6016	0	42	16
5654	0	42	15
5292	0	42	14
4930	0	42	13
4568	0	42	12
4206	0	42	11
3844	0	42	10
3482	0	42	9
3120	0	42	8
2758	0	42	7
2396	0	42	6
2034	0	42	5
1672	0	42	4
1310	0	42	3
948	0	42	2
586	0	42	1
224	0	42	0
12896	0	44	35
12534	0	44	34
12172	0	44	33
11810	0	44	32
11448	0	44	31
11086	0	44	30
10724	0	44	29
10362	0	44	28
10000	0	44	27
9638	0	44	26
9276	0	44	25
8914	0	44	24
8552	0	44	23
8190	0	44	22
7828	0	44	21
7466	0	44	20
7104	0	44	19
6742	0	44	18
6380	0	44	17
6018	0	44	16
5656	0	44	15
5294	0	44	14
4932	0	44	13
4570	0	44	12
4208	0	44	11
3846	0	44	10
3484	0	44	9
3122	0	44	8
2760	0	44	7
2398	0	44	6
2036	0	44	5
1674	0	44	4
1312	0	44	3
950	0	44	2
588	0	44	1
226	0	44	0
12898	0	46	35
12536	0	46	34
12174	0	46	33
11812	0	46	32
11450	0	46	31
11088	0	46	30
10726	0	46	29
10364	0	46	28
10002	0	46	27
9640	0	46	26
9278	0	46	25
8916	0	46	24
8554	0	46	23
8192	0	46	22
7830	0	46	21
7468	0	46	20
7106	0	46	19
6744	0	46	18
6382	0	46	17
6020	0	46	16
5658	0	46	15
5296	0	46	14
4934	0	46	13
4572	0	46	12
4210	0	46	11
3848	0	46	10
3486	0	46	9
3124	0	46	8
2762	0	46	7
2400	0	46	6
2038	0	46	5
1676	0	46	4
1314	0	46	3
952	0	46	2
590	0	46	1
228	0	46	0
12900	0	48	35
12538	0	48	34
12176	0	48	33
11814	0	48	32
11452	0	48	31
11090	0	48	30
10728	0	48	29
10366	0	48	28
10004	0	48	27
9642	0	48	26
9280	0	48	25
8918	0	48	24
8556	0	48	23
8194	0	48	22
7832	0	48	21
7470	0	48	20
7108	0	48	19
6746	0	48	18
6384	0	48	17
6022	0	48	16
5660	0	48	15
5298	0	48	14
4936	0	48	13
4574	0	48	12
4212	0	48	11
3850	0	48	10
3488	0	48	9
3126	0	48	8
2764	0	48	7
2402	0	48	6
2040	0	48	5
1678	0	48	4
1316	0	48	3
954	0	48	2
592	0	48	1
230	0	48	0
12902	0	50	35
12540	0	50	34
12178	0	50	33
11816	0	50	32
11454	0	50	31
11092	0	50	30
10730	0	50	29
10368	0	50	28
10006	0	50	27
9644	0	50	26
9282	0	50	25
8920	0	50	24
8558	0	50	23
8196	0	50	22
7834	0	50	21
7472	0	50	20
7110	0	50	19
6748	0	50	18
6386	0	50	17
6024	0	50	16
5662	0	50	15
5300	0	50	14
4938	0	50	13
4576	0	50	12
4214	0	50	11
3852	0	50	10
3490	0	50	9
3128	0	50	8
2766	0	50	7
2404	0	50	6
2042	0	50	5
1680	0	50	4
1318	0	50	3
956	0	50	2
594	0	50	1
232	0	50	0
12904	0	52	35
12542	0	52	34
12180	0	52	33
11818	0	52	32
11456	0	52	31
11094	0	52	30
10732	0	52	29
10370	0	52	28
10008	0	52	27
9646	0	52	26
9284	0	52	25
8922	0	52	24
8560	0	52	23
8198	0	52	22
7836	0	52	21
7474	0	52	20
7112	0	52	19
6750	0	52	18
6388	0	52	17
6026	0	52	16
5664	0	52	15
5302	0	52	14
4940	0	52	13
4578	0	52	12
4216	0	52	11
3854	0	52	10
3492	0	52	9
3130	0	52	8
2768	0	52	7
2406	0	52	6
2044	0	52	5
1682	0	52	4
1320	0	52	3
958	0	52	2
596	0	52	1
234	0	52	0
12906	0	54	35
12544	0	54	34
12182	0	54	33
11820	0	54	32
11458	0	54	31
11096	0	54	30
10734	0	54	29
10372	0	54	28
10010	0	54	27
9648	0	54	26
9286	0	54	25
8924	0	54	24
8562	0	54	23
8200	0	54	22
7838	0	54	21
7476	0	54	20
7114	0	54	19
6752	0	54	18
6390	0	54	17
6028	0	54	16
5666	0	54	15
5304	0	54	14
4942	0	54	13
4580	0	54	12
4218	0	54	11
3856	0	54	10
3494	0	54	9
3132	0	54	8
2770	0	54	7
2408	0	54	6
2046	0	54	5
1684	0	54	4
1322	0	54	3
960	0	54	2
598	0	54	1
236	0	54	0
12908	0	56	35
12546	0	56	34
12184	0	56	33
11822	0	56	32
11460	0	56	31
11098	0	56	30
10736	0	56	29
10374	0	56	28
10012	0	56	27
9650	0	56	26
9288	0	56	25
8926	0	56	24
8564	0	56	23
8202	0	56	22
7840	0	56	21
7478	0	56	20
7116	0	56	19
6754	0	56	18
6392	0	56	17
6030	0	56	16
5668	0	56	15
5306	0	56	14
4944	0	56	13
4582	0	56	12
4220	0	56	11
3858	0	56	10
3496	0	56	9
3134	0	56	8
2772	0	56	7
2410	0	56	6
2048	0	56	5
1686	0	56	4
1324	0	56	3
962	0	56	2
600	0	56	1
238	0	56	0
12910	0	58	35
12548	0	58	34
12186	0	58	33
11824	0	58	32
11462	0	58	31
11100	0	58	30
10738	0	58	29
10376	0	58	28
10014	0	58	27
9652	0	58	26
9290	0	58	25
8928	0	58	24
8566	0	58	23
8204	0	58	22
7842	0	58	21
7480	0	58	20
7118	0	58	19
6756	0	58	18
6394	0	58	17
6032	0	58	16
5670	0	58	15
5308	0	58	14
4946	0	58	13
4584	0	58	12
4222	0	58	11
3860	0	58	10
3498	0	58	9
3136	0	58	8
2774	0	58	7
2412	0	58	6
2050	0	58	5
1688	0	58	4
1326	0	58	3
964	0	58	2
602	0	58	1
240	0	58	0
12912	0	60	35
12550	0	60	34
12188	0	60	33
11826	0	60	32
11464	0	60	31
11102	0	60	30
10740	0	60	29
10378	0	60	28
10016	0	60	27
9654	0	60	26
9292	0	60	25
8930	0	60	24
8568	0	60	23
8206	0	60	22
7844	0	60	21
7482	0	60	20
7120	0	60	19
6758	0	60	18
6396	0	60	17
6034	0	60	16
5672	0	60	15
5310	0	60	14
4948	0	60	13
4586	0	60	12
4224	0	60	11
3862	0	60	10
3500	0	60	9
3138	0	60	8
2776	0	60	7
2414	0	60	6
2052	0	60	5
1690	0	60	4
1328	0	60	3
966	0	60	2
604	0	60	1
242	0	60	0
12914	0	62	35
12552	0	62	34
12190	0	62	33
11828	0	62	32
11466	0	62	31
11104	0	62	30
10742	0	62	29
10380	0	62	28
10018	0	62	27
9656	0	62	26
9294	0	62	25
8932	0	62	24
8570	0	62	23
8208	0	62	22
7846	0	62	21
7484	0	62	20
7122	0	62	19
6760	0	62	18
6398	0	62	17
6036	0	62	16
5674	0	62	15
5312	0	62	14
4950	0	62	13
4588	0	62	12
4226	0	62	11
3864	0	62	10
3502	0	62	9
3140	0	62	8
2778	0	62	7
2416	0	62	6
2054	0	62	5
1692	0	62	4
1330	0	62	3
968	0	62	2
606	0	62	1
244	0	62	0
12916	0	64	35
12554	0	64	34
12192	0	64	33
11830	0	64	32
11468	0	64	31
11106	0	64	30
10744	0	64	29
10382	0	64	28
10020	0	64	27
9658	0	64	26
9296	0	64	25
8934	0	64	24
8572	0	64	23
8210	0	64	22
7848	0	64	21
7486	0	64	20
7124	0	64	19
6762	0	64	18
6400	0	64	17
6038	0	64	16
5676	0	64	15
5314	0	64	14
4952	0	64	13
4590	0	64	12
4228	0	64	11
3866	0	64	10
3504	0	64	9
3142	0	64	8
2780	0	64	7
2418	0	64	6
2056	0	64	5
1694	0	64	4
1332	0	64	3
970	0	64	2
608	0	64	1
246	0	64	0
12918	0	66	35
12556	0	66	34
12194	0	66	33
11832	0	66	32
11470	0	66	31
11108	0	66	30
10746	0	66	29
10384	0	66	28
10022	0	66	27
9660	0	66	26
9298	0	66	25
8936	0	66	24
8574	0	66	23
8212	0	66	22
7850	0	66	21
7488	0	66	20
7126	0	66	19
6764	0	66	18
6402	0	66	17
6040	0	66	16
5678	0	66	15
5316	0	66	14
4954	0	66	13
4592	0	66	12
4230	0	66	11
3868	0	66	10
3506	0	66	9
3144	0	66	8
2782	0	66	7
2420	0	66	6
2058	0	66	5
1696	0	66	4
1334	0	66	3
972	0	66	2
610	0	66	1
248	0	66	0
12920	0	68	35
12558	0	68	34
12196	0	68	33
11834	0	68	32
11472	0	68	31
11110	0	68	30
10748	0	68	29
10386	0	68	28
10024	0	68	27
9662	0	68	26
9300	0	68	25
8938	0	68	24
8576	0	68	23
8214	0	68	22
7852	0	68	21
7490	0	68	20
7128	0	68	19
6766	0	68	18
6404	0	68	17
6042	0	68	16
5680	0	68	15
5318	0	68	14
4956	0	68	13
4594	0	68	12
4232	0	68	11
3870	0	68	10
3508	0	68	9
3146	0	68	8
2784	0	68	7
2422	0	68	6
2060	0	68	5
1698	0	68	4
1336	0	68	3
974	0	68	2
612	0	68	1
250	0	68	0
12922	0	70	35
12560	0	70	34
12198	0	70	33
11836	0	70	32
11474	0	70	31
11112	0	70	30
10750	0	70	29
10388	0	70	28
10026	0	70	27
9664	0	70	26
9302	0	70	25
8940	0	70	24
8578	0	70	23
8216	0	70	22
7854	0	70	21
7492	0	70	20
7130	0	70	19
6768	0	70	18
6406	0	70	17
6044	0	70	16
5682	0	70	15
5320	0	70	14
4958	0	70	13
4596	0	70	12
4234	0	70	11
3872	0	70	10
3510	0	70	9
3148	0	70	8
2786	0	70	7
2424	0	70	6
2062	0	70	5
1700	0	70	4
1338	0	70	3
976	0	70	2
614	0	70	1
252	0	70	0
12924	0	72	35
12562	0	72	34
12200	0	72	33
11838	0	72	32
11476	0	72	31
11114	0	72	30
10752	0	72	29
10390	0	72	28
10028	0	72	27
9666	0	72	26
9304	0	72	25
8942	0	72	24
8580	0	72	23
8218	0	72	22
7856	0	72	21
7494	0	72	20
7132	0	72	19
6770	0	72	18
6408	0	72	17
6046	0	72	16
5684	0	72	15
5322	0	72	14
4960	0	72	13
4598	0	72	12
4236	0	72	11
3874	0	72	10
3512	0	72	9
3150	0	72	8
2788	0	72	7
2426	0	72	6
2064	0	72	5
1702	0	72	4
1340	0	72	3
978	0	72	2
616	0	72	1
254	0	72	0
12926	0	74	35
12564	0	74	34
12202	0	74	33
11840	0	74	32
11478	0	74	31
11116	0	74	30
10754	0	74	29
10392	0	74	28
10030	0	74	27
9668	0	74	26
9306	0	74	25
8944	0	74	24
8582	0	74	23
8220	0	74	22
7858	0	74	21
7496	0	74	20
7134	0	74	19
6772	0	74	18
6410	0	74	17
6048	0	74	16
5686	0	74	15
5324	0	74	14
4962	0	74	13
4600	0	74	12
4238	0	74	11
3876	0	74	10
3514	0	74	9
3152	0	74	8
2790	0	74	7
2428	0	74	6
2066	0	74	5
1704	0	74	4
1342	0	74	3
980	0	74	2
618	0	74	1
256	0	74	0
12928	0	76	35
12566	0	76	34
12204	0	76	33
11842	0	76	32
11480	0	76	31
11118	0	76	30
10756	0	76	29
10394	0	76	28
10032	0	76	27
9670	0	76	26
9308	0	76	25
8946	0	76	24
8584	0	76	23
8222	0	76	22
7860	0	76	21
7498	0	76	20
7136	0	76	19
6774	0	76	18
6412	0	76	17
6050	0	76	16
5688	0	76	15
5326	0	76	14
4964	0	76	13
4602	0	76	12
4240	0	76	11
3878	0	76	10
3516	0	76	9
3154	0	76	8
2792	0	76	7
2430	0	76	6
2068	0	76	5
1706	0	76	4
1344	0	76	3
982	0	76	2
620	0	76	1
258	0	76	0
12930	0	78	35
12568	0	78	34
12206	0	78	33
11844	0	78	32
11482	0	78	31
11120	0	78	30
10758	0	78	29
10396	0	78	28
10034	0	78	27
9672	0	78	26
9310	0	78	25
8948	0	78	24
8586	0	78	23
8224	0	78	22
7862	0	78	21
7500	0	78	20
7138	0	78	19
6776	0	78	18
6414	0	78	17
6052	0	78	16
5690	0	78	15
5328	0	78	14
4966	0	78	13
4604	0	78	12
4242	0	78	11
3880	0	78	10
3518	0	78	9
3156	0	78	8
2794	0	78	7
2432	0	78	6
2070	0	78	5
1708	0	78	4
1346	0	78	3
984	0	78	2
622	0	78	1
260	0	78	0
12931	0	79	35
12569	0	79	34
12207	0	79	33
11845	0	79	32
11483	0	79	31
11121	0	79	30
10759	0	79	29
10397	0	79	28
10035	0	79	27
9673	0	79	26
9311	0	79	25
8949	0	79	24
8587	0	79	23
8225	0	79	22
7863	0	79	21
7501	0	79	20
7139	0	79	19
6777	0	79	18
6415	0	79	17
6053	0	79	16
5691	0	79	15
5329	0	79	14
4967	0	79	13
4605	0	79	12
4243	0	79	11
3881	0	79	10
3519	0	79	9
3157	0	79	8
2795	0	79	7
2433	0	79	6
2071	0	79	5
1709	0	79	4
1347	0	79	3
985	0	79	2
623	0	79	1
261	0	79	0
12932	0	80	35
12570	0	80	34
12208	0	80	33
11846	0	80	32
11484	0	80	31
11122	0	80	30
10760	0	80	29
10398	0	80	28
10036	0	80	27
9674	0	80	26
9312	0	80	25
8950	0	80	24
8588	0	80	23
8226	0	80	22
7864	0	80	21
7502	0	80	20
7140	0	80	19
6778	0	80	18
6416	0	80	17
6054	0	80	16
5692	0	80	15
5330	0	80	14
4968	0	80	13
4606	0	80	12
4244	0	80	11
3882	0	80	10
3520	0	80	9
3158	0	80	8
2796	0	80	7
2434	0	80	6
2072	0	80	5
1710	0	80	4
1348	0	80	3
986	0	80	2
624	0	80	1
262	0	80	0
12933	0	81	35
12571	0	81	34
12209	0	81	33
11847	0	81	32
11485	0	81	31
11123	0	81	30
10761	0	81	29
10399	0	81	28
10037	0	81	27
9675	0	81	26
9313	0	81	25
8951	0	81	24
8589	0	81	23
8227	0	81	22
7865	0	81	21
7503	0	81	20
7141	0	81	19
6779	0	81	18
6417	0	81	17
6055	0	81	16
5693	0	81	15
5331	0	81	14
4969	0	81	13
4607	0	81	12
4245	0	81	11
3883	0	81	10
3521	0	81	9
3159	0	81	8
2797	0	81	7
2435	0	81	6
2073	0	81	5
1711	0	81	4
1349	0	81	3
987	0	81	2
625	0	81	1
263	0	81	0
12934	0	82	35
12572	0	82	34
12210	0	82	33
11848	0	82	32
11486	0	82	31
11124	0	82	30
10762	0	82	29
10400	0	82	28
10038	0	82	27
9676	0	82	26
9314	0	82	25
8952	0	82	24
8590	0	82	23
8228	0	82	22
7866	0	82	21
7504	0	82	20
7142	0	82	19
6780	0	82	18
6418	0	82	17
6056	0	82	16
5694	0	82	15
5332	0	82	14
4970	0	82	13
4608	0	82	12
4246	0	82	11
3884	0	82	10
3522	0	82	9
3160	0	82	8
2798	0	82	7
2436	0	82	6
2074	0	82	5
1712	0	82	4
1350	0	82	3
988	0	82	2
626	0	82	1
264	0	82	0
12935	0	83	35
12573	0	83	34
12211	0	83	33
11849	0	83	32
11487	0	83	31
11125	0	83	30
10763	0	83	29
10401	0	83	28
10039	0	83	27
9677	0	83	26
9315	0	83	25
8953	0	83	24
8591	0	83	23
8229	0	83	22
7867	0	83	21
7505	0	83	20
7143	0	83	19
6781	0	83	18
6419	0	83	17
6057	0	83	16
5695	0	83	15
5333	0	83	14
4971	0	83	13
4609	0	83	12
4247	0	83	11
3885	0	83	10
3523	0	83	9
3161	0	83	8
2799	0	83	7
2437	0	83	6
2075	0	83	5
1713	0	83	4
1351	0	83	3
989	0	83	2
627	0	83	1
265	0	83	0
12936	0	84	35
12574	0	84	34
12212	0	84	33
11850	0	84	32
11488	0	84	31
11126	0	84	30
10764	0	84	29
10402	0	84	28
10040	0	84	27
9678	0	84	26
9316	0	84	25
8954	0	84	24
8592	0	84	23
8230	0	84	22
7868	0	84	21
7506	0	84	20
7144	0	84	19
6782	0	84	18
6420	0	84	17
6058	0	84	16
5696	0	84	15
5334	0	84	14
4972	0	84	13
4610	0	84	12
4248	0	84	11
3886	0	84	10
3524	0	84	9
3162	0	84	8
2800	0	84	7
2438	0	84	6
2076	0	84	5
1714	0	84	4
1352	0	84	3
990	0	84	2
628	0	84	1
266	0	84	0
12937	0	85	35
12575	0	85	34
12213	0	85	33
11851	0	85	32
11489	0	85	31
11127	0	85	30
10765	0	85	29
10403	0	85	28
10041	0	85	27
9679	0	85	26
9317	0	85	25
8955	0	85	24
8593	0	85	23
8231	0	85	22
7869	0	85	21
7507	0	85	20
7145	0	85	19
6783	0	85	18
6421	0	85	17
6059	0	85	16
5697	0	85	15
5335	0	85	14
4973	0	85	13
4611	0	85	12
4249	0	85	11
3887	0	85	10
3525	0	85	9
3163	0	85	8
2801	0	85	7
2439	0	85	6
2077	0	85	5
1715	0	85	4
1353	0	85	3
991	0	85	2
629	0	85	1
267	0	85	0
12938	0	86	35
12576	0	86	34
12214	0	86	33
11852	0	86	32
11490	0	86	31
11128	0	86	30
10766	0	86	29
10404	0	86	28
10042	0	86	27
9680	0	86	26
9318	0	86	25
8956	0	86	24
8594	0	86	23
8232	0	86	22
7870	0	86	21
7508	0	86	20
7146	0	86	19
6784	0	86	18
6422	0	86	17
6060	0	86	16
5698	0	86	15
5336	0	86	14
4974	0	86	13
4612	0	86	12
4250	0	86	11
3888	0	86	10
3526	0	86	9
3164	0	86	8
2802	0	86	7
2440	0	86	6
2078	0	86	5
1716	0	86	4
1354	0	86	3
992	0	86	2
630	0	86	1
268	0	86	0
12939	0	87	35
12577	0	87	34
12215	0	87	33
11853	0	87	32
11491	0	87	31
11129	0	87	30
10767	0	87	29
10405	0	87	28
10043	0	87	27
9681	0	87	26
9319	0	87	25
8957	0	87	24
8595	0	87	23
8233	0	87	22
7871	0	87	21
7509	0	87	20
7147	0	87	19
6785	0	87	18
6423	0	87	17
6061	0	87	16
5699	0	87	15
5337	0	87	14
4975	0	87	13
4613	0	87	12
4251	0	87	11
3889	0	87	10
3527	0	87	9
3165	0	87	8
2803	0	87	7
2441	0	87	6
2079	0	87	5
1717	0	87	4
1355	0	87	3
993	0	87	2
631	0	87	1
269	0	87	0
12940	0	88	35
12578	0	88	34
12216	0	88	33
11854	0	88	32
11492	0	88	31
11130	0	88	30
10768	0	88	29
10406	0	88	28
10044	0	88	27
9682	0	88	26
9320	0	88	25
8958	0	88	24
8596	0	88	23
8234	0	88	22
7872	0	88	21
7510	0	88	20
7148	0	88	19
6786	0	88	18
6424	0	88	17
6062	0	88	16
5700	0	88	15
5338	0	88	14
4976	0	88	13
4614	0	88	12
4252	0	88	11
3890	0	88	10
3528	0	88	9
3166	0	88	8
2804	0	88	7
2442	0	88	6
2080	0	88	5
1718	0	88	4
1356	0	88	3
994	0	88	2
632	0	88	1
270	0	88	0
12941	0	89	35
12579	0	89	34
12217	0	89	33
11855	0	89	32
11493	0	89	31
11131	0	89	30
10769	0	89	29
10407	0	89	28
10045	0	89	27
9683	0	89	26
9321	0	89	25
8959	0	89	24
8597	0	89	23
8235	0	89	22
7873	0	89	21
7511	0	89	20
7149	0	89	19
6787	0	89	18
6425	0	89	17
6063	0	89	16
5701	0	89	15
5339	0	89	14
4977	0	89	13
4615	0	89	12
4253	0	89	11
3891	0	89	10
3529	0	89	9
3167	0	89	8
2805	0	89	7
2443	0	89	6
2081	0	89	5
1719	0	89	4
1357	0	89	3
995	0	89	2
633	0	89	1
271	0	89	0
12942	0	90	35
12580	0	90	34
12218	0	90	33
11856	0	90	32
11494	0	90	31
11132	0	90	30
10770	0	90	29
10408	0	90	28
10046	0	90	27
9684	0	90	26
9322	0	90	25
8960	0	90	24
8598	0	90	23
8236	0	90	22
7874	0	90	21
7512	0	90	20
7150	0	90	19
6788	0	90	18
6426	0	90	17
6064	0	90	16
5702	0	90	15
5340	0	90	14
4978	0	90	13
4616	0	90	12
4254	0	90	11
3892	0	90	10
3530	0	90	9
3168	0	90	8
2806	0	90	7
2444	0	90	6
2082	0	90	5
1720	0	90	4
1358	0	90	3
996	0	90	2
634	0	90	1
272	0	90	0
12943	0	91	35
12581	0	91	34
12219	0	91	33
11857	0	91	32
11495	0	91	31
11133	0	91	30
10771	0	91	29
10409	0	91	28
10047	0	91	27
9685	0	91	26
9323	0	91	25
8961	0	91	24
8599	0	91	23
8237	0	91	22
7875	0	91	21
7513	0	91	20
7151	0	91	19
6789	0	91	18
6427	0	91	17
6065	0	91	16
5703	0	91	15
5341	0	91	14
4979	0	91	13
4617	0	91	12
4255	0	91	11
3893	0	91	10
3531	0	91	9
3169	0	91	8
2807	0	91	7
2445	0	91	6
2083	0	91	5
1721	0	91	4
1359	0	91	3
997	0	91	2
635	0	91	1
273	0	91	0
12944	0	92	35
12582	0	92	34
12220	0	92	33
11858	0	92	32
11496	0	92	31
11134	0	92	30
10772	0	92	29
10410	0	92	28
10048	0	92	27
9686	0	92	26
9324	0	92	25
8962	0	92	24
8600	0	92	23
8238	0	92	22
7876	0	92	21
7514	0	92	20
7152	0	92	19
6790	0	92	18
6428	0	92	17
6066	0	92	16
5704	0	92	15
5342	0	92	14
4980	0	92	13
4618	0	92	12
4256	0	92	11
3894	0	92	10
3532	0	92	9
3170	0	92	8
2808	0	92	7
2446	0	92	6
2084	0	92	5
1722	0	92	4
1360	0	92	3
998	0	92	2
636	0	92	1
274	0	92	0
12945	0	93	35
12583	0	93	34
12221	0	93	33
11859	0	93	32
11497	0	93	31
11135	0	93	30
10773	0	93	29
10411	0	93	28
10049	0	93	27
9687	0	93	26
9325	0	93	25
8963	0	93	24
8601	0	93	23
8239	0	93	22
7877	0	93	21
7515	0	93	20
7153	0	93	19
6791	0	93	18
6429	0	93	17
6067	0	93	16
5705	0	93	15
5343	0	93	14
4981	0	93	13
4619	0	93	12
4257	0	93	11
3895	0	93	10
3533	0	93	9
3171	0	93	8
2809	0	93	7
2447	0	93	6
2085	0	93	5
1723	0	93	4
1361	0	93	3
999	0	93	2
637	0	93	1
275	0	93	0
12946	0	94	35
12584	0	94	34
12222	0	94	33
11860	0	94	32
11498	0	94	31
11136	0	94	30
10774	0	94	29
10412	0	94	28
10050	0	94	27
9688	0	94	26
9326	0	94	25
8964	0	94	24
8602	0	94	23
8240	0	94	22
7878	0	94	21
7516	0	94	20
7154	0	94	19
6792	0	94	18
6430	0	94	17
6068	0	94	16
5706	0	94	15
5344	0	94	14
4982	0	94	13
4620	0	94	12
4258	0	94	11
3896	0	94	10
3534	0	94	9
3172	0	94	8
2810	0	94	7
2448	0	94	6
2086	0	94	5
1724	0	94	4
1362	0	94	3
1000	0	94	2
638	0	94	1
276	0	94	0
12947	0	95	35
12585	0	95	34
12223	0	95	33
11861	0	95	32
11499	0	95	31
11137	0	95	30
10775	0	95	29
10413	0	95	28
10051	0	95	27
9689	0	95	26
9327	0	95	25
8965	0	95	24
8603	0	95	23
8241	0	95	22
7879	0	95	21
7517	0	95	20
7155	0	95	19
6793	0	95	18
6431	0	95	17
6069	0	95	16
5707	0	95	15
5345	0	95	14
4983	0	95	13
4621	0	95	12
4259	0	95	11
3897	0	95	10
3535	0	95	9
3173	0	95	8
2811	0	95	7
2449	0	95	6
2087	0	95	5
1725	0	95	4
1363	0	95	3
1001	0	95	2
639	0	95	1
277	0	95	0
12948	0	96	35
12586	0	96	34
12224	0	96	33
11862	0	96	32
11500	0	96	31
11138	0	96	30
10776	0	96	29
10414	0	96	28
10052	0	96	27
9690	0	96	26
9328	0	96	25
8966	0	96	24
8604	0	96	23
8242	0	96	22
7880	0	96	21
7518	0	96	20
7156	0	96	19
6794	0	96	18
6432	0	96	17
6070	0	96	16
5708	0	96	15
5346	0	96	14
4984	0	96	13
4622	0	96	12
4260	0	96	11
3898	0	96	10
3536	0	96	9
3174	0	96	8
2812	0	96	7
2450	0	96	6
2088	0	96	5
1726	0	96	4
1364	0	96	3
1002	0	96	2
640	0	96	1
278	0	96	0
12949	0	97	35
12587	0	97	34
12225	0	97	33
11863	0	97	32
11501	0	97	31
11139	0	97	30
10777	0	97	29
10415	0	97	28
10053	0	97	27
9691	0	97	26
9329	0	97	25
8967	0	97	24
8605	0	97	23
8243	0	97	22
7881	0	97	21
7519	0	97	20
7157	0	97	19
6795	0	97	18
6433	0	97	17
6071	0	97	16
5709	0	97	15
5347	0	97	14
4985	0	97	13
4623	0	97	12
4261	0	97	11
3899	0	97	10
3537	0	97	9
3175	0	97	8
2813	0	97	7
2451	0	97	6
2089	0	97	5
1727	0	97	4
1365	0	97	3
1003	0	97	2
641	0	97	1
279	0	97	0
12950	0	98	35
12588	0	98	34
12226	0	98	33
11864	0	98	32
11502	0	98	31
11140	0	98	30
10778	0	98	29
10416	0	98	28
10054	0	98	27
9692	0	98	26
9330	0	98	25
8968	0	98	24
8606	0	98	23
8244	0	98	22
7882	0	98	21
7520	0	98	20
7158	0	98	19
6796	0	98	18
6434	0	98	17
6072	0	98	16
5710	0	98	15
5348	0	98	14
4986	0	98	13
4624	0	98	12
4262	0	98	11
3900	0	98	10
3538	0	98	9
3176	0	98	8
2814	0	98	7
2452	0	98	6
2090	0	98	5
1728	0	98	4
1366	0	98	3
1004	0	98	2
642	0	98	1
280	0	98	0
12951	0	99	35
12589	0	99	34
12227	0	99	33
11865	0	99	32
11503	0	99	31
11141	0	99	30
10779	0	99	29
10417	0	99	28
10055	0	99	27
9693	0	99	26
9331	0	99	25
8969	0	99	24
8607	0	99	23
8245	0	99	22
7883	0	99	21
7521	0	99	20
7159	0	99	19
6797	0	99	18
6435	0	99	17
6073	0	99	16
5711	0	99	15
5349	0	99	14
4987	0	99	13
4625	0	99	12
4263	0	99	11
3901	0	99	10
3539	0	99	9
3177	0	99	8
2815	0	99	7
2453	0	99	6
2091	0	99	5
1729	0	99	4
1367	0	99	3
1005	0	99	2
643	0	99	1
281	0	99	0
12952	0	100	35
12590	0	100	34
12228	0	100	33
11866	0	100	32
11504	0	100	31
11142	0	100	30
10780	0	100	29
10418	0	100	28
10056	0	100	27
9694	0	100	26
9332	0	100	25
8970	0	100	24
8608	0	100	23
8246	0	100	22
7884	0	100	21
7522	0	100	20
7160	0	100	19
6798	0	100	18
6436	0	100	17
6074	0	100	16
5712	0	100	15
5350	0	100	14
4988	0	100	13
4626	0	100	12
4264	0	100	11
3902	0	100	10
3540	0	100	9
3178	0	100	8
2816	0	100	7
2454	0	100	6
2092	0	100	5
1730	0	100	4
1368	0	100	3
1006	0	100	2
644	0	100	1
282	0	100	0
12953	0	101	35
12591	0	101	34
12229	0	101	33
11867	0	101	32
11505	0	101	31
11143	0	101	30
10781	0	101	29
10419	0	101	28
10057	0	101	27
9695	0	101	26
9333	0	101	25
8971	0	101	24
8609	0	101	23
8247	0	101	22
7885	0	101	21
7523	0	101	20
7161	0	101	19
6799	0	101	18
6437	0	101	17
6075	0	101	16
5713	0	101	15
5351	0	101	14
4989	0	101	13
4627	0	101	12
4265	0	101	11
3903	0	101	10
3541	0	101	9
3179	0	101	8
2817	0	101	7
2455	0	101	6
2093	0	101	5
1731	0	101	4
1369	0	101	3
1007	0	101	2
645	0	101	1
283	0	101	0
12954	0	102	35
12592	0	102	34
12230	0	102	33
11868	0	102	32
11506	0	102	31
11144	0	102	30
10782	0	102	29
10420	0	102	28
10058	0	102	27
9696	0	102	26
9334	0	102	25
8972	0	102	24
8610	0	102	23
8248	0	102	22
7886	0	102	21
7524	0	102	20
7162	0	102	19
6800	0	102	18
6438	0	102	17
6076	0	102	16
5714	0	102	15
5352	0	102	14
4990	0	102	13
4628	0	102	12
4266	0	102	11
3904	0	102	10
3542	0	102	9
3180	0	102	8
2818	0	102	7
2456	0	102	6
2094	0	102	5
1732	0	102	4
1370	0	102	3
1008	0	102	2
646	0	102	1
284	0	102	0
12956	0	104	35
12594	0	104	34
12232	0	104	33
11870	0	104	32
11508	0	104	31
11146	0	104	30
10784	0	104	29
10422	0	104	28
10060	0	104	27
9698	0	104	26
9336	0	104	25
8974	0	104	24
8612	0	104	23
8250	0	104	22
7888	0	104	21
7526	0	104	20
7164	0	104	19
6802	0	104	18
6440	0	104	17
6078	0	104	16
5716	0	104	15
5354	0	104	14
4992	0	104	13
4630	0	104	12
4268	0	104	11
3906	0	104	10
3544	0	104	9
3182	0	104	8
2820	0	104	7
2458	0	104	6
2096	0	104	5
1734	0	104	4
1372	0	104	3
1010	0	104	2
648	0	104	1
286	0	104	0
12958	0	106	35
12596	0	106	34
12234	0	106	33
11872	0	106	32
11510	0	106	31
11148	0	106	30
10786	0	106	29
10424	0	106	28
10062	0	106	27
9700	0	106	26
9338	0	106	25
8976	0	106	24
8614	0	106	23
8252	0	106	22
7890	0	106	21
7528	0	106	20
7166	0	106	19
6804	0	106	18
6442	0	106	17
6080	0	106	16
5718	0	106	15
5356	0	106	14
4994	0	106	13
4632	0	106	12
4270	0	106	11
3908	0	106	10
3546	0	106	9
3184	0	106	8
2822	0	106	7
2460	0	106	6
2098	0	106	5
1736	0	106	4
1374	0	106	3
1012	0	106	2
650	0	106	1
288	0	106	0
12960	0	108	35
12598	0	108	34
12236	0	108	33
11874	0	108	32
11512	0	108	31
11150	0	108	30
10788	0	108	29
10426	0	108	28
10064	0	108	27
9702	0	108	26
9340	0	108	25
8978	0	108	24
8616	0	108	23
8254	0	108	22
7892	0	108	21
7530	0	108	20
7168	0	108	19
6806	0	108	18
6444	0	108	17
6082	0	108	16
5720	0	108	15
5358	0	108	14
4996	0	108	13
4634	0	108	12
4272	0	108	11
3910	0	108	10
3548	0	108	9
3186	0	108	8
2824	0	108	7
2462	0	108	6
2100	0	108	5
1738	0	108	4
1376	0	108	3
1014	0	108	2
652	0	108	1
290	0	108	0
12962	0	110	35
12600	0	110	34
12238	0	110	33
11876	0	110	32
11514	0	110	31
11152	0	110	30
10790	0	110	29
10428	0	110	28
10066	0	110	27
9704	0	110	26
9342	0	110	25
8980	0	110	24
8618	0	110	23
8256	0	110	22
7894	0	110	21
7532	0	110	20
7170	0	110	19
6808	0	110	18
6446	0	110	17
6084	0	110	16
5722	0	110	15
5360	0	110	14
4998	0	110	13
4636	0	110	12
4274	0	110	11
3912	0	110	10
3550	0	110	9
3188	0	110	8
2826	0	110	7
2464	0	110	6
2102	0	110	5
1740	0	110	4
1378	0	110	3
1016	0	110	2
654	0	110	1
292	0	110	0
12964	0	112	35
12602	0	112	34
12240	0	112	33
11878	0	112	32
11516	0	112	31
11154	0	112	30
10792	0	112	29
10430	0	112	28
10068	0	112	27
9706	0	112	26
9344	0	112	25
8982	0	112	24
8620	0	112	23
8258	0	112	22
7896	0	112	21
7534	0	112	20
7172	0	112	19
6810	0	112	18
6448	0	112	17
6086	0	112	16
5724	0	112	15
5362	0	112	14
5000	0	112	13
4638	0	112	12
4276	0	112	11
3914	0	112	10
3552	0	112	9
3190	0	112	8
2828	0	112	7
2466	0	112	6
2104	0	112	5
1742	0	112	4
1380	0	112	3
1018	0	112	2
656	0	112	1
294	0	112	0
12966	0	114	35
12604	0	114	34
12242	0	114	33
11880	0	114	32
11518	0	114	31
11156	0	114	30
10794	0	114	29
10432	0	114	28
10070	0	114	27
9708	0	114	26
9346	0	114	25
8984	0	114	24
8622	0	114	23
8260	0	114	22
7898	0	114	21
7536	0	114	20
7174	0	114	19
6812	0	114	18
6450	0	114	17
6088	0	114	16
5726	0	114	15
5364	0	114	14
5002	0	114	13
4640	0	114	12
4278	0	114	11
3916	0	114	10
3554	0	114	9
3192	0	114	8
2830	0	114	7
2468	0	114	6
2106	0	114	5
1744	0	114	4
1382	0	114	3
1020	0	114	2
658	0	114	1
296	0	114	0
12968	0	116	35
12606	0	116	34
12244	0	116	33
11882	0	116	32
11520	0	116	31
11158	0	116	30
10796	0	116	29
10434	0	116	28
10072	0	116	27
9710	0	116	26
9348	0	116	25
8986	0	116	24
8624	0	116	23
8262	0	116	22
7900	0	116	21
7538	0	116	20
7176	0	116	19
6814	0	116	18
6452	0	116	17
6090	0	116	16
5728	0	116	15
5366	0	116	14
5004	0	116	13
4642	0	116	12
4280	0	116	11
3918	0	116	10
3556	0	116	9
3194	0	116	8
2832	0	116	7
2470	0	116	6
2108	0	116	5
1746	0	116	4
1384	0	116	3
1022	0	116	2
660	0	116	1
298	0	116	0
12970	0	118	35
12608	0	118	34
12246	0	118	33
11884	0	118	32
11522	0	118	31
11160	0	118	30
10798	0	118	29
10436	0	118	28
10074	0	118	27
9712	0	118	26
9350	0	118	25
8988	0	118	24
8626	0	118	23
8264	0	118	22
7902	0	118	21
7540	0	118	20
7178	0	118	19
6816	0	118	18
6454	0	118	17
6092	0	118	16
5730	0	118	15
5368	0	118	14
5006	0	118	13
4644	0	118	12
4282	0	118	11
3920	0	118	10
3558	0	118	9
3196	0	118	8
2834	0	118	7
2472	0	118	6
2110	0	118	5
1748	0	118	4
1386	0	118	3
1024	0	118	2
662	0	118	1
300	0	118	0
12972	0	120	35
12610	0	120	34
12248	0	120	33
11886	0	120	32
11524	0	120	31
11162	0	120	30
10800	0	120	29
10438	0	120	28
10076	0	120	27
9714	0	120	26
9352	0	120	25
8990	0	120	24
8628	0	120	23
8266	0	120	22
7904	0	120	21
7542	0	120	20
7180	0	120	19
6818	0	120	18
6456	0	120	17
6094	0	120	16
5732	0	120	15
5370	0	120	14
5008	0	120	13
4646	0	120	12
4284	0	120	11
3922	0	120	10
3560	0	120	9
3198	0	120	8
2836	0	120	7
2474	0	120	6
2112	0	120	5
1750	0	120	4
1388	0	120	3
1026	0	120	2
664	0	120	1
302	0	120	0
12974	0	122	35
12612	0	122	34
12250	0	122	33
11888	0	122	32
11526	0	122	31
11164	0	122	30
10802	0	122	29
10440	0	122	28
10078	0	122	27
9716	0	122	26
9354	0	122	25
8992	0	122	24
8630	0	122	23
8268	0	122	22
7906	0	122	21
7544	0	122	20
7182	0	122	19
6820	0	122	18
6458	0	122	17
6096	0	122	16
5734	0	122	15
5372	0	122	14
5010	0	122	13
4648	0	122	12
4286	0	122	11
3924	0	122	10
3562	0	122	9
3200	0	122	8
2838	0	122	7
2476	0	122	6
2114	0	122	5
1752	0	122	4
1390	0	122	3
1028	0	122	2
666	0	122	1
304	0	122	0
12976	0	124	35
12614	0	124	34
12252	0	124	33
11890	0	124	32
11528	0	124	31
11166	0	124	30
10804	0	124	29
10442	0	124	28
10080	0	124	27
9718	0	124	26
9356	0	124	25
8994	0	124	24
8632	0	124	23
8270	0	124	22
7908	0	124	21
7546	0	124	20
7184	0	124	19
6822	0	124	18
6460	0	124	17
6098	0	124	16
5736	0	124	15
5374	0	124	14
5012	0	124	13
4650	0	124	12
4288	0	124	11
3926	0	124	10
3564	0	124	9
3202	0	124	8
2840	0	124	7
2478	0	124	6
2116	0	124	5
1754	0	124	4
1392	0	124	3
1030	0	124	2
668	0	124	1
306	0	124	0
12978	0	126	35
12616	0	126	34
12254	0	126	33
11892	0	126	32
11530	0	126	31
11168	0	126	30
10806	0	126	29
10444	0	126	28
10082	0	126	27
9720	0	126	26
9358	0	126	25
8996	0	126	24
8634	0	126	23
8272	0	126	22
7910	0	126	21
7548	0	126	20
7186	0	126	19
6824	0	126	18
6462	0	126	17
6100	0	126	16
5738	0	126	15
5376	0	126	14
5014	0	126	13
4652	0	126	12
4290	0	126	11
3928	0	126	10
3566	0	126	9
3204	0	126	8
2842	0	126	7
2480	0	126	6
2118	0	126	5
1756	0	126	4
1394	0	126	3
1032	0	126	2
670	0	126	1
308	0	126	0
12980	0	128	35
12618	0	128	34
12256	0	128	33
11894	0	128	32
11532	0	128	31
11170	0	128	30
10808	0	128	29
10446	0	128	28
10084	0	128	27
9722	0	128	26
9360	0	128	25
8998	0	128	24
8636	0	128	23
8274	0	128	22
7912	0	128	21
7550	0	128	20
7188	0	128	19
6826	0	128	18
6464	0	128	17
6102	0	128	16
5740	0	128	15
5378	0	128	14
5016	0	128	13
4654	0	128	12
4292	0	128	11
3930	0	128	10
3568	0	128	9
3206	0	128	8
2844	0	128	7
2482	0	128	6
2120	0	128	5
1758	0	128	4
1396	0	128	3
1034	0	128	2
672	0	128	1
310	0	128	0
12982	0	130	35
12620	0	130	34
12258	0	130	33
11896	0	130	32
11534	0	130	31
11172	0	130	30
10810	0	130	29
10448	0	130	28
10086	0	130	27
9724	0	130	26
9362	0	130	25
9000	0	130	24
8638	0	130	23
8276	0	130	22
7914	0	130	21
7552	0	130	20
7190	0	130	19
6828	0	130	18
6466	0	130	17
6104	0	130	16
5742	0	130	15
5380	0	130	14
5018	0	130	13
4656	0	130	12
4294	0	130	11
3932	0	130	10
3570	0	130	9
3208	0	130	8
2846	0	130	7
2484	0	130	6
2122	0	130	5
1760	0	130	4
1398	0	130	3
1036	0	130	2
674	0	130	1
312	0	130	0
12984	0	132	35
12622	0	132	34
12260	0	132	33
11898	0	132	32
11536	0	132	31
11174	0	132	30
10812	0	132	29
10450	0	132	28
10088	0	132	27
9726	0	132	26
9364	0	132	25
9002	0	132	24
8640	0	132	23
8278	0	132	22
7916	0	132	21
7554	0	132	20
7192	0	132	19
6830	0	132	18
6468	0	132	17
6106	0	132	16
5744	0	132	15
5382	0	132	14
5020	0	132	13
4658	0	132	12
4296	0	132	11
3934	0	132	10
3572	0	132	9
3210	0	132	8
2848	0	132	7
2486	0	132	6
2124	0	132	5
1762	0	132	4
1400	0	132	3
1038	0	132	2
676	0	132	1
314	0	132	0
12986	0	134	35
12624	0	134	34
12262	0	134	33
11900	0	134	32
11538	0	134	31
11176	0	134	30
10814	0	134	29
10452	0	134	28
10090	0	134	27
9728	0	134	26
9366	0	134	25
9004	0	134	24
8642	0	134	23
8280	0	134	22
7918	0	134	21
7556	0	134	20
7194	0	134	19
6832	0	134	18
6470	0	134	17
6108	0	134	16
5746	0	134	15
5384	0	134	14
5022	0	134	13
4660	0	134	12
4298	0	134	11
3936	0	134	10
3574	0	134	9
3212	0	134	8
2850	0	134	7
2488	0	134	6
2126	0	134	5
1764	0	134	4
1402	0	134	3
1040	0	134	2
678	0	134	1
316	0	134	0
12988	0	136	35
12626	0	136	34
12264	0	136	33
11902	0	136	32
11540	0	136	31
11178	0	136	30
10816	0	136	29
10454	0	136	28
10092	0	136	27
9730	0	136	26
9368	0	136	25
9006	0	136	24
8644	0	136	23
8282	0	136	22
7920	0	136	21
7558	0	136	20
7196	0	136	19
6834	0	136	18
6472	0	136	17
6110	0	136	16
5748	0	136	15
5386	0	136	14
5024	0	136	13
4662	0	136	12
4300	0	136	11
3938	0	136	10
3576	0	136	9
3214	0	136	8
2852	0	136	7
2490	0	136	6
2128	0	136	5
1766	0	136	4
1404	0	136	3
1042	0	136	2
680	0	136	1
318	0	136	0
12990	0	138	35
12628	0	138	34
12266	0	138	33
11904	0	138	32
11542	0	138	31
11180	0	138	30
10818	0	138	29
10456	0	138	28
10094	0	138	27
9732	0	138	26
9370	0	138	25
9008	0	138	24
8646	0	138	23
8284	0	138	22
7922	0	138	21
7560	0	138	20
7198	0	138	19
6836	0	138	18
6474	0	138	17
6112	0	138	16
5750	0	138	15
5388	0	138	14
5026	0	138	13
4664	0	138	12
4302	0	138	11
3940	0	138	10
3578	0	138	9
3216	0	138	8
2854	0	138	7
2492	0	138	6
2130	0	138	5
1768	0	138	4
1406	0	138	3
1044	0	138	2
682	0	138	1
320	0	138	0
12992	0	140	35
12630	0	140	34
12268	0	140	33
11906	0	140	32
11544	0	140	31
11182	0	140	30
10820	0	140	29
10458	0	140	28
10096	0	140	27
9734	0	140	26
9372	0	140	25
9010	0	140	24
8648	0	140	23
8286	0	140	22
7924	0	140	21
7562	0	140	20
7200	0	140	19
6838	0	140	18
6476	0	140	17
6114	0	140	16
5752	0	140	15
5390	0	140	14
5028	0	140	13
4666	0	140	12
4304	0	140	11
3942	0	140	10
3580	0	140	9
3218	0	140	8
2856	0	140	7
2494	0	140	6
2132	0	140	5
1770	0	140	4
1408	0	140	3
1046	0	140	2
684	0	140	1
322	0	140	0
12994	0	142	35
12632	0	142	34
12270	0	142	33
11908	0	142	32
11546	0	142	31
11184	0	142	30
10822	0	142	29
10460	0	142	28
10098	0	142	27
9736	0	142	26
9374	0	142	25
9012	0	142	24
8650	0	142	23
8288	0	142	22
7926	0	142	21
7564	0	142	20
7202	0	142	19
6840	0	142	18
6478	0	142	17
6116	0	142	16
5754	0	142	15
5392	0	142	14
5030	0	142	13
4668	0	142	12
4306	0	142	11
3944	0	142	10
3582	0	142	9
3220	0	142	8
2858	0	142	7
2496	0	142	6
2134	0	142	5
1772	0	142	4
1410	0	142	3
1048	0	142	2
686	0	142	1
324	0	142	0
12996	0	144	35
12634	0	144	34
12272	0	144	33
11910	0	144	32
11548	0	144	31
11186	0	144	30
10824	0	144	29
10462	0	144	28
10100	0	144	27
9738	0	144	26
9376	0	144	25
9014	0	144	24
8652	0	144	23
8290	0	144	22
7928	0	144	21
7566	0	144	20
7204	0	144	19
6842	0	144	18
6480	0	144	17
6118	0	144	16
5756	0	144	15
5394	0	144	14
5032	0	144	13
4670	0	144	12
4308	0	144	11
3946	0	144	10
3584	0	144	9
3222	0	144	8
2860	0	144	7
2498	0	144	6
2136	0	144	5
1774	0	144	4
1412	0	144	3
1050	0	144	2
688	0	144	1
326	0	144	0
12998	0	146	35
12636	0	146	34
12274	0	146	33
11912	0	146	32
11550	0	146	31
11188	0	146	30
10826	0	146	29
10464	0	146	28
10102	0	146	27
9740	0	146	26
9378	0	146	25
9016	0	146	24
8654	0	146	23
8292	0	146	22
7930	0	146	21
7568	0	146	20
7206	0	146	19
6844	0	146	18
6482	0	146	17
6120	0	146	16
5758	0	146	15
5396	0	146	14
5034	0	146	13
4672	0	146	12
4310	0	146	11
3948	0	146	10
3586	0	146	9
3224	0	146	8
2862	0	146	7
2500	0	146	6
2138	0	146	5
1776	0	146	4
1414	0	146	3
1052	0	146	2
690	0	146	1
328	0	146	0
13000	0	148	35
12638	0	148	34
12276	0	148	33
11914	0	148	32
11552	0	148	31
11190	0	148	30
10828	0	148	29
10466	0	148	28
10104	0	148	27
9742	0	148	26
9380	0	148	25
9018	0	148	24
8656	0	148	23
8294	0	148	22
7932	0	148	21
7570	0	148	20
7208	0	148	19
6846	0	148	18
6484	0	148	17
6122	0	148	16
5760	0	148	15
5398	0	148	14
5036	0	148	13
4674	0	148	12
4312	0	148	11
3950	0	148	10
3588	0	148	9
3226	0	148	8
2864	0	148	7
2502	0	148	6
2140	0	148	5
1778	0	148	4
1416	0	148	3
1054	0	148	2
692	0	148	1
330	0	148	0
13002	0	150	35
12640	0	150	34
12278	0	150	33
11916	0	150	32
11554	0	150	31
11192	0	150	30
10830	0	150	29
10468	0	150	28
10106	0	150	27
9744	0	150	26
9382	0	150	25
9020	0	150	24
8658	0	150	23
8296	0	150	22
7934	0	150	21
7572	0	150	20
7210	0	150	19
6848	0	150	18
6486	0	150	17
6124	0	150	16
5762	0	150	15
5400	0	150	14
5038	0	150	13
4676	0	150	12
4314	0	150	11
3952	0	150	10
3590	0	150	9
3228	0	150	8
2866	0	150	7
2504	0	150	6
2142	0	150	5
1780	0	150	4
1418	0	150	3
1056	0	150	2
694	0	150	1
332	0	150	0
13004	0	152	35
12642	0	152	34
12280	0	152	33
11918	0	152	32
11556	0	152	31
11194	0	152	30
10832	0	152	29
10470	0	152	28
10108	0	152	27
9746	0	152	26
9384	0	152	25
9022	0	152	24
8660	0	152	23
8298	0	152	22
7936	0	152	21
7574	0	152	20
7212	0	152	19
6850	0	152	18
6488	0	152	17
6126	0	152	16
5764	0	152	15
5402	0	152	14
5040	0	152	13
4678	0	152	12
4316	0	152	11
3954	0	152	10
3592	0	152	9
3230	0	152	8
2868	0	152	7
2506	0	152	6
2144	0	152	5
1782	0	152	4
1420	0	152	3
1058	0	152	2
696	0	152	1
334	0	152	0
13006	0	154	35
12644	0	154	34
12282	0	154	33
11920	0	154	32
11558	0	154	31
11196	0	154	30
10834	0	154	29
10472	0	154	28
10110	0	154	27
9748	0	154	26
9386	0	154	25
9024	0	154	24
8662	0	154	23
8300	0	154	22
7938	0	154	21
7576	0	154	20
7214	0	154	19
6852	0	154	18
6490	0	154	17
6128	0	154	16
5766	0	154	15
5404	0	154	14
5042	0	154	13
4680	0	154	12
4318	0	154	11
3956	0	154	10
3594	0	154	9
3232	0	154	8
2870	0	154	7
2508	0	154	6
2146	0	154	5
1784	0	154	4
1422	0	154	3
1060	0	154	2
698	0	154	1
336	0	154	0
13008	0	156	35
12646	0	156	34
12284	0	156	33
11922	0	156	32
11560	0	156	31
11198	0	156	30
10836	0	156	29
10474	0	156	28
10112	0	156	27
9750	0	156	26
9388	0	156	25
9026	0	156	24
8664	0	156	23
8302	0	156	22
7940	0	156	21
7578	0	156	20
7216	0	156	19
6854	0	156	18
6492	0	156	17
6130	0	156	16
5768	0	156	15
5406	0	156	14
5044	0	156	13
4682	0	156	12
4320	0	156	11
3958	0	156	10
3596	0	156	9
3234	0	156	8
2872	0	156	7
2510	0	156	6
2148	0	156	5
1786	0	156	4
1424	0	156	3
1062	0	156	2
700	0	156	1
338	0	156	0
13010	0	158	35
12648	0	158	34
12286	0	158	33
11924	0	158	32
11562	0	158	31
11200	0	158	30
10838	0	158	29
10476	0	158	28
10114	0	158	27
9752	0	158	26
9390	0	158	25
9028	0	158	24
8666	0	158	23
8304	0	158	22
7942	0	158	21
7580	0	158	20
7218	0	158	19
6856	0	158	18
6494	0	158	17
6132	0	158	16
5770	0	158	15
5408	0	158	14
5046	0	158	13
4684	0	158	12
4322	0	158	11
3960	0	158	10
3598	0	158	9
3236	0	158	8
2874	0	158	7
2512	0	158	6
2150	0	158	5
1788	0	158	4
1426	0	158	3
1064	0	158	2
702	0	158	1
340	0	158	0
13012	0	160	35
12650	0	160	34
12288	0	160	33
11926	0	160	32
11564	0	160	31
11202	0	160	30
10840	0	160	29
10478	0	160	28
10116	0	160	27
9754	0	160	26
9392	0	160	25
9030	0	160	24
8668	0	160	23
8306	0	160	22
7944	0	160	21
7582	0	160	20
7220	0	160	19
6858	0	160	18
6496	0	160	17
6134	0	160	16
5772	0	160	15
5410	0	160	14
5048	0	160	13
4686	0	160	12
4324	0	160	11
3962	0	160	10
3600	0	160	9
3238	0	160	8
2876	0	160	7
2514	0	160	6
2152	0	160	5
1790	0	160	4
1428	0	160	3
1066	0	160	2
704	0	160	1
342	0	160	0
13014	0	162	35
12652	0	162	34
12290	0	162	33
11928	0	162	32
11566	0	162	31
11204	0	162	30
10842	0	162	29
10480	0	162	28
10118	0	162	27
9756	0	162	26
9394	0	162	25
9032	0	162	24
8670	0	162	23
8308	0	162	22
7946	0	162	21
7584	0	162	20
7222	0	162	19
6860	0	162	18
6498	0	162	17
6136	0	162	16
5774	0	162	15
5412	0	162	14
5050	0	162	13
4688	0	162	12
4326	0	162	11
3964	0	162	10
3602	0	162	9
3240	0	162	8
2878	0	162	7
2516	0	162	6
2154	0	162	5
1792	0	162	4
1430	0	162	3
1068	0	162	2
706	0	162	1
344	0	162	0
13016	0	164	35
12654	0	164	34
12292	0	164	33
11930	0	164	32
11568	0	164	31
11206	0	164	30
10844	0	164	29
10482	0	164	28
10120	0	164	27
9758	0	164	26
9396	0	164	25
9034	0	164	24
8672	0	164	23
8310	0	164	22
7948	0	164	21
7586	0	164	20
7224	0	164	19
6862	0	164	18
6500	0	164	17
6138	0	164	16
5776	0	164	15
5414	0	164	14
5052	0	164	13
4690	0	164	12
4328	0	164	11
3966	0	164	10
3604	0	164	9
3242	0	164	8
2880	0	164	7
2518	0	164	6
2156	0	164	5
1794	0	164	4
1432	0	164	3
1070	0	164	2
708	0	164	1
346	0	164	0
13018	0	166	35
12656	0	166	34
12294	0	166	33
11932	0	166	32
11570	0	166	31
11208	0	166	30
10846	0	166	29
10484	0	166	28
10122	0	166	27
9760	0	166	26
9398	0	166	25
9036	0	166	24
8674	0	166	23
8312	0	166	22
7950	0	166	21
7588	0	166	20
7226	0	166	19
6864	0	166	18
6502	0	166	17
6140	0	166	16
5778	0	166	15
5416	0	166	14
5054	0	166	13
4692	0	166	12
4330	0	166	11
3968	0	166	10
3606	0	166	9
3244	0	166	8
2882	0	166	7
2520	0	166	6
2158	0	166	5
1796	0	166	4
1434	0	166	3
1072	0	166	2
710	0	166	1
348	0	166	0
13020	0	168	35
12658	0	168	34
12296	0	168	33
11934	0	168	32
11572	0	168	31
11210	0	168	30
10848	0	168	29
10486	0	168	28
10124	0	168	27
9762	0	168	26
9400	0	168	25
9038	0	168	24
8676	0	168	23
8314	0	168	22
7952	0	168	21
7590	0	168	20
7228	0	168	19
6866	0	168	18
6504	0	168	17
6142	0	168	16
5780	0	168	15
5418	0	168	14
5056	0	168	13
4694	0	168	12
4332	0	168	11
3970	0	168	10
3608	0	168	9
3246	0	168	8
2884	0	168	7
2522	0	168	6
2160	0	168	5
1798	0	168	4
1436	0	168	3
1074	0	168	2
712	0	168	1
350	0	168	0
13022	0	170	35
12660	0	170	34
12298	0	170	33
11936	0	170	32
11574	0	170	31
11212	0	170	30
10850	0	170	29
10488	0	170	28
10126	0	170	27
9764	0	170	26
9402	0	170	25
9040	0	170	24
8678	0	170	23
8316	0	170	22
7954	0	170	21
7592	0	170	20
7230	0	170	19
6868	0	170	18
6506	0	170	17
6144	0	170	16
5782	0	170	15
5420	0	170	14
5058	0	170	13
4696	0	170	12
4334	0	170	11
3972	0	170	10
3610	0	170	9
3248	0	170	8
2886	0	170	7
2524	0	170	6
2162	0	170	5
1800	0	170	4
1438	0	170	3
1076	0	170	2
714	0	170	1
352	0	170	0
13024	0	172	35
12662	0	172	34
12300	0	172	33
11938	0	172	32
11576	0	172	31
11214	0	172	30
10852	0	172	29
10490	0	172	28
10128	0	172	27
9766	0	172	26
9404	0	172	25
9042	0	172	24
8680	0	172	23
8318	0	172	22
7956	0	172	21
7594	0	172	20
7232	0	172	19
6870	0	172	18
6508	0	172	17
6146	0	172	16
5784	0	172	15
5422	0	172	14
5060	0	172	13
4698	0	172	12
4336	0	172	11
3974	0	172	10
3612	0	172	9
3250	0	172	8
2888	0	172	7
2526	0	172	6
2164	0	172	5
1802	0	172	4
1440	0	172	3
1078	0	172	2
716	0	172	1
354	0	172	0
13026	0	174	35
12664	0	174	34
12302	0	174	33
11940	0	174	32
11578	0	174	31
11216	0	174	30
10854	0	174	29
10492	0	174	28
10130	0	174	27
9768	0	174	26
9406	0	174	25
9044	0	174	24
8682	0	174	23
8320	0	174	22
7958	0	174	21
7596	0	174	20
7234	0	174	19
6872	0	174	18
6510	0	174	17
6148	0	174	16
5786	0	174	15
5424	0	174	14
5062	0	174	13
4700	0	174	12
4338	0	174	11
3976	0	174	10
3614	0	174	9
3252	0	174	8
2890	0	174	7
2528	0	174	6
2166	0	174	5
1804	0	174	4
1442	0	174	3
1080	0	174	2
718	0	174	1
356	0	174	0
13028	0	176	35
12666	0	176	34
12304	0	176	33
11942	0	176	32
11580	0	176	31
11218	0	176	30
10856	0	176	29
10494	0	176	28
10132	0	176	27
9770	0	176	26
9408	0	176	25
9046	0	176	24
8684	0	176	23
8322	0	176	22
7960	0	176	21
7598	0	176	20
7236	0	176	19
6874	0	176	18
6512	0	176	17
6150	0	176	16
5788	0	176	15
5426	0	176	14
5064	0	176	13
4702	0	176	12
4340	0	176	11
3978	0	176	10
3616	0	176	9
3254	0	176	8
2892	0	176	7
2530	0	176	6
2168	0	176	5
1806	0	176	4
1444	0	176	3
1082	0	176	2
720	0	176	1
358	0	176	0
13030	0	178	35
12668	0	178	34
12306	0	178	33
11944	0	178	32
11582	0	178	31
11220	0	178	30
10858	0	178	29
10496	0	178	28
10134	0	178	27
9772	0	178	26
9410	0	178	25
9048	0	178	24
8686	0	178	23
8324	0	178	22
7962	0	178	21
7600	0	178	20
7238	0	178	19
6876	0	178	18
6514	0	178	17
6152	0	178	16
5790	0	178	15
5428	0	178	14
5066	0	178	13
4704	0	178	12
4342	0	178	11
3980	0	178	10
3618	0	178	9
3256	0	178	8
2894	0	178	7
2532	0	178	6
2170	0	178	5
1808	0	178	4
1446	0	178	3
1084	0	178	2
722	0	178	1
360	0	178	0
